5000
1
71
6
42
90
51
88
70
72
74
89
76
68
11
91
30
36
5
47
18
18
14
32
54
20
85
40
9
66
46
2
18
57
94
75
62
89
81
42
83
30
97
24
20
40
1
6
23
90
3
3
24
1
64
5
43
61
48
21
51
36
56
93
72
38
69
89
33
16
18
13
87
80
45
60
49
61
22
34
61
10
70
90
80
8
10
65
54
65
14
1
13
75
21
83
1
21
92
59
90
81
36
52
90
99
65
38
61
22
18
29
13
4
65
10
52
64
74
59
60
58
52
25
74
10
67
3
99
71
69
38
33
41
72
36
23
37
21
60
48
78
2
6
79
8
37
53
90
67
54
15
21
62
73
59
94
64
100
12
38
60
16
79
85
79
7
55
78
84
50
17
73
81
42
29
6
79
96
65
12
77
85
37
78
85
38
61
0
13
11
58
38
70
34
77
39
47
34
94
55
87
100
5
36
44
71
49
5
37
69
98
38
85
89
13
46
61
8
32
60
16
71
20
12
18
16
44
14
62
67
30
4
69
66
33
4
41
84
97
88
76
73
25
29
82
4
63
20
11
0
98
13
90
3
0
84
34
16
67
94
100
22
91
7
97
77
91
49
17
36
52
99
45
39
2
59
78
71
88
63
46
17
22
50
79
86
99
82
79
31
0
75
92
3
82
21
33
15
36
27
73
69
32
61
52
61
71
66
69
82
80
12
83
84
43
7
33
53
16
5
97
7
19
46
25
37
86
32
62
42
12
55
31
34
80
33
27
63
15
30
23
5
2
50
40
46
43
61
35
3
72
83
60
80
45
39
46
81
23
99
50
74
53
34
90
66
95
15
83
74
10
13
74
77
29
72
53
87
64
98
11
68
23
30
100
91
61
88
35
68
1
65
2
49
33
31
24
97
74
64
54
79
21
6
7
23
16
81
49
61
52
84
100
68
100
65
68
50
2
70
45
20
78
30
100
77
12
14
56
50
95
15
49
29
16
22
99
74
2
93
49
6
41
62
40
71
18
38
48
66
30
6
0
16
92
58
17
80
94
96
89
61
92
53
7
32
63
86
63
90
54
76
53
73
39
12
84
11
81
0
60
81
63
96
50
83
91
66
14
41
52
16
29
11
39
58
8
51
0
13
79
97
75
56
40
89
81
52
32
29
51
90
65
24
13
68
82
28
82
65
67
35
66
64
56
71
3
97
7
73
94
59
2
78
38
18
67
33
87
80
89
84
53
53
47
2
49
81
87
98
97
5
95
10
87
72
21
69
54
73
51
75
37
80
2
53
43
3
78
7
97
81
57
21
52
43
70
74
79
0
60
24
51
86
98
72
75
100
89
20
81
40
31
29
84
55
32
65
7
62
68
19
35
74
92
3
15
78
42
69
87
66
100
60
4
49
55
5
15
80
99
50
15
12
28
10
23
10
96
32
61
83
20
19
74
20
32
59
48
73
90
21
71
89
71
83
80
85
99
73
98
69
17
36
76
55
17
85
63
74
73
68
3
29
35
39
38
61
9
61
19
43
57
95
8
75
28
84
68
75
72
46
33
14
20
33
45
30
37
8
56
63
26
79
88
21
80
69
41
48
8
34
3
89
87
88
28
69
4
53
33
82
33
36
74
11
64
7
53
54
48
1
57
35
91
74
86
86
24
89
23
69
33
62
64
54
86
79
100
82
76
34
20
61
34
83
92
64
55
100
6
20
4
26
23
28
19
42
68
41
26
78
32
47
80
46
86
76
43
24
27
96
21
83
89
54
79
5
38
22
43
31
42
71
21
3
27
15
32
26
94
39
18
86
6
96
72
13
64
68
69
11
98
88
27
13
53
94
45
11
14
36
13
10
68
42
75
70
21
18
2
38
1
48
42
46
40
58
4
49
91
77
70
46
24
91
50
33
90
95
88
61
10
61
27
3
26
84
37
63
30
43
72
82
74
69
82
92
28
47
95
91
24
26
77
100
26
37
23
29
13
21
89
65
99
99
5
47
77
89
81
0
3
4
43
65
65
2
11
92
17
60
32
95
29
67
5
82
35
86
30
46
25
26
75
61
42
86
51
14
32
49
95
15
26
72
100
42
20
39
37
52
93
43
41
62
22
56
38
99
44
92
74
86
59
61
47
52
0
56
86
22
28
99
89
19
18
70
77
100
66
37
3
5
83
24
51
12
83
78
29
65
54
40
77
50
16
68
37
98
78
3
65
84
92
73
75
48
77
47
7
10
77
5
33
54
33
84
59
71
13
32
66
38
25
84
44
95
61
71
100
73
28
55
36
14
56
50
15
44
81
40
69
83
33
86
51
6
85
4
39
31
10
67
85
23
100
85
34
42
99
44
0
48
35
96
67
76
10
20
38
60
89
90
88
45
52
93
17
15
61
31
11
90
87
14
69
27
73
53
89
47
56
4
66
43
18
73
39
91
54
45
62
9
75
28
2
32
47
17
75
96
70
81
51
30
31
44
85
90
31
38
61
77
71
52
93
74
79
62
8
2
16
65
8
46
57
43
28
57
47
25
87
4
87
50
34
17
31
8
43
88
30
72
67
76
99
18
97
5
53
70
51
4
25
37
20
20
25
47
38
8
98
14
99
39
46
25
51
84
37
81
13
68
51
93
4
24
66
22
72
76
1
56
93
46
19
95
76
58
72
54
13
84
63
32
30
92
44
9
65
41
29
7
27
31
1
55
83
51
79
29
52
78
0
38
17
0
51
1
62
20
12
23
11
68
58
76
69
17
73
65
48
95
28
13
65
32
8
79
92
43
41
56
98
7
19
14
76
53
3
71
45
84
47
14
13
99
17
49
22
100
23
92
91
50
52
19
24
53
71
68
26
92
24
52
64
71
25
58
43
41
44
15
35
82
86
40
24
44
82
25
10
34
30
15
17
10
72
53
56
68
43
38
12
97
60
3
76
2
45
95
57
75
75
36
75
58
79
24
96
89
54
69
12
10
26
45
39
19
32
73
20
43
32
97
84
18
47
95
97
58
2
22
38
26
44
66
3
11
70
57
84
47
90
65
48
1
78
51
78
62
16
19
16
92
10
18
83
38
89
23
90
17
27
6
53
72
20
42
56
40
38
70
88
81
64
34
43
22
48
57
46
76
36
82
23
83
92
55
69
14
88
50
94
29
50
71
67
68
40
88
77
11
65
10
36
80
86
25
66
94
8
9
86
65
100
83
8
21
86
90
78
60
11
7
35
0
89
73
44
60
66
55
46
0
55
100
29
90
55
42
5
33
35
83
34
7
15
9
23
12
28
92
71
53
67
37
3
70
81
13
4
53
16
85
42
40
82
11
55
87
94
12
41
17
18
97
29
91
96
15
86
93
68
92
68
9
65
49
17
37
85
74
97
64
58
89
4
22
3
53
9
71
100
11
43
87
54
16
74
66
60
7
12
31
97
96
2
23
76
45
59
7
36
62
49
68
23
42
5
33
33
70
85
42
33
81
39
88
25
51
61
90
33
93
46
14
68
69
99
45
90
64
82
38
66
15
91
42
9
75
84
7
75
83
33
61
76
4
99
17
31
38
30
39
81
51
97
85
61
60
29
8
80
10
18
13
40
30
95
79
44
65
0
62
72
60
77
77
28
4
9
19
2
80
54
91
20
53
47
23
75
42
87
17
2
42
25
47
93
36
84
14
95
40
57
39
84
94
73
85
49
85
80
100
29
7
95
1
56
35
6
3
79
63
68
0
31
76
40
85
46
23
77
23
50
70
97
4
32
14
48
20
65
17
55
64
5
79
77
49
51
14
4
5
81
30
57
56
19
63
56
52
58
35
8
91
38
96
11
23
99
73
97
53
97
17
82
40
49
2
60
60
54
45
81
82
1
96
13
37
27
27
2
99
0
78
80
18
52
29
35
28
11
85
32
41
53
77
98
21
43
18
42
41
44
79
42
73
22
22
12
32
22
2
7
27
71
10
45
100
30
30
75
74
88
49
32
95
39
50
86
1
84
68
77
71
76
65
41
15
86
18
28
8
97
46
58
77
27
87
72
59
73
63
33
23
4
44
70
50
17
3
48
1
60
64
99
17
82
85
96
63
48
68
83
89
31
38
49
51
7
28
7
61
83
34
39
19
30
91
26
34
85
1
45
54
14
35
2
11
49
96
41
92
71
59
57
29
90
10
86
74
82
100
15
58
58
92
77
85
62
99
34
86
0
23
51
46
33
0
65
61
53
38
45
87
36
96
28
74
84
0
56
48
40
61
96
64
67
88
48
87
28
7
44
18
17
56
53
50
94
85
66
30
4
56
9
8
45
30
92
67
54
65
4
9
37
72
15
33
90
44
75
89
63
66
75
32
60
42
8
77
88
1
77
11
60
47
43
94
76
75
20
88
56
6
20
33
70
9
0
14
1
31
58
100
65
38
69
54
47
79
84
13
58
88
18
11
80
100
69
100
78
98
26
93
65
52
30
24
91
74
49
21
22
92
5
78
44
7
62
51
59
25
64
36
13
29
89
89
1
51
21
7
98
53
52
63
55
51
50
24
9
84
4
73
100
2
6
89
16
87
75
73
2
6
84
20
69
23
11
60
25
93
53
38
92
22
99
54
38
65
89
66
29
35
35
48
31
41
16
30
1
95
61
49
74
47
85
9
86
66
39
13
50
61
13
39
18
25
23
5
25
36
38
14
47
84
23
24
100
27
35
91
76
63
9
96
97
25
11
14
53
94
2
43
61
50
95
78
14
25
12
86
67
20
93
4
8
48
2
17
22
97
99
56
36
19
85
30
8
95
50
42
48
51
100
29
53
62
32
76
79
86
49
23
25
76
53
86
68
59
11
94
69
29
61
52
42
11
21
2
41
95
78
69
56
28
55
97
97
32
31
61
90
42
87
70
47
32
97
29
25
24
42
99
49
75
2
75
91
0
55
26
93
99
5
46
66
44
93
17
98
85
8
62
82
41
64
93
95
29
53
75
26
12
1
9
54
56
26
14
9
28
24
16
33
4
50
72
0
74
63
78
23
54
12
28
22
17
59
38
68
4
33
25
11
60
95
45
48
63
12
30
96
46
74
74
34
94
76
56
97
6
27
94
22
29
37
36
60
55
1
63
93
32
32
74
37
88
8
70
64
67
25
86
63
10
34
34
96
31
62
91
25
41
11
22
84
2
7
83
36
91
80
52
86
65
61
100
0
22
42
90
82
83
93
8
87
94
26
67
1
15
95
51
43
33
95
100
16
64
58
61
97
5
86
38
86
51
3
85
86
41
54
44
38
33
17
92
32
50
40
78
20
19
56
26
15
61
47
57
5
49
98
7
74
23
3
85
21
92
52
38
83
58
53
20
13
76
60
34
97
100
0
84
66
62
23
80
65
77
50
33
8
16
49
22
32
34
91
44
13
86
100
93
98
51
65
98
83
73
66
11
22
9
50
80
39
28
88
46
90
63
68
93
96
34
32
71
15
90
71
7
58
78
6
7
1
74
45
65
30
11
51
74
74
84
55
49
88
20
86
34
77
28
82
5
25
12
47
20
54
3
19
100
75
73
23
93
32
20
71
18
34
1
20
16
99
29
84
49
49
79
11
80
42
82
62
73
20
40
2
37
60
88
74
96
40
100
70
55
6
72
87
7
91
48
7
94
92
40
19
58
11
49
92
35
91
92
30
99
56
58
23
40
79
85
46
8
25
95
95
32
15
90
13
14
42
95
6
91
62
80
7
72
77
67
67
89
94
93
58
35
61
67
15
30
39
52
57
28
94
35
87
2
57
21
64
90
73
56
43
57
2
63
93
53
76
12
13
29
48
95
78
84
46
46
82
92
26
9
10
8
57
70
51
22
75
72
24
5
83
42
5
88
97
76
28
96
55
41
55
92
47
74
1
80
3
63
31
99
69
53
39
81
55
29
20
94
69
46
67
8
33
3
60
5
67
95
73
43
45
21
48
75
98
33
29
27
63
53
15
8
45
65
36
89
43
36
65
51
31
24
77
89
32
90
85
93
24
34
77
5
46
84
50
65
94
65
36
50
0
10
1
71
100
31
24
31
23
34
48
81
75
93
54
45
15
100
77
86
70
90
12
65
77
81
73
84
12
8
57
68
3
62
66
34
13
54
81
79
79
98
79
49
22
37
84
9
57
40
53
21
87
8
26
62
50
100
85
77
67
33
78
91
6
5
29
97
9
27
46
16
33
47
73
70
27
71
76
8
6
7
42
84
78
39
0
65
51
58
63
80
84
59
17
19
96
67
31
44
25
37
11
95
69
93
26
91
100
45
5
12
5
98
4
68
100
54
7
33
61
62
100
62
62
86
17
42
58
7
67
50
52
56
46
51
63
71
55
36
54
4
44
74
40
54
61
31
66
35
28
85
18
65
66
9
74
27
96
66
92
2
56
75
9
34
5
42
79
27
69
90
30
33
28
96
46
46
14
57
0
17
20
37
64
100
52
53
50
40
6
31
97
64
41
58
92
73
57
88
97
53
18
54
26
26
6
24
56
48
22
46
11
3
87
7
91
74
26
90
12
96
55
90
25
1
53
0
91
99
71
75
93
76
66
12
3
15
47
31
52
87
60
8
18
66
20
77
13
38
66
1
16
53
44
71
0
18
47
14
67
73
81
2
77
85
85
36
70
95
56
29
27
80
43
7
90
81
12
5
91
0
3
47
2
59
13
31
40
20
47
20
88
51
51
37
69
66
63
64
78
11
62
8
32
1
81
86
89
9
92
79
51
52
73
19
11
43
64
68
77
78
25
10
73
20
78
71
58
37
79
78
6
75
56
85
81
91
60
53
24
21
2
33
70
57
61
4
74
28
78
98
80
51
20
92
6
70
11
24
16
86
56
43
18
79
0
12
63
96
33
20
2
59
77
5
3
29
17
90
81
72
19
23
4
72
72
8
6
56
58
21
11
74
96
49
72
26
51
13
2
81
56
10
17
92
39
75
69
55
34
99
6
47
22
46
19
95
21
80
34
90
5
66
92
81
40
66
10
57
30
70
16
15
78
32
83
20
19
54
53
13
3
79
11
86
17
48
8
67
68
75
87
22
27
95
11
86
72
33
84
65
36
73
15
46
73
86
65
44
91
30
48
88
16
4
94
45
89
39
82
64
43
62
24
92
64
50
44
80
70
12
13
41
89
78
71
77
49
0
65
51
13
60
51
29
99
68
7
59
60
65
5
3
63
51
100
36
21
0
95
53
99
3
77
27
19
47
87
22
12
7
29
36
61
85
35
49
16
65
36
17
32
1
38
23
15
5
27
75
100
99
41
78
53
67
29
31
45
39
81
97
57
11
78
70
27
0
19
27
36
97
10
90
64
78
43
19
80
38
20
54
64
79
64
18
98
11
19
54
60
83
1
21
2
43
80
25
28
38
35
45
48
51
90
73
89
24
23
70
49
61
23
91
8
82
64
49
83
56
39
88
19
91
18
18
66
11
26
30
69
70
14
14
54
39
75
72
38
54
48
92
13
72
96
21
56
49
10
6
63
64
96
75
87
4
89
29
100
40
22
19
20
36
92
63
80
49
0
38
14
96
32
37
62
60
47
20
84
36
91
55
57
53
69
67
36
89
72
81
95
51
45
1
48
100
0
25
54
83
26
66
100
45
62
42
76
36
99
16
96
83
21
1
72
99
38
16
77
79
17
47
67
25
21
3
52
18
49
6
51
2
8
97
92
51
62
45
65
45
89
55
21
83
31
5
38
89
11
85
59
66
53
34
63
85
67
15
17
2
20
36
83
52
44
48
59
87
25
29
0
59
91
83
87
11
31
60
28
76
68
79
87
37
94
78
15
83
97
41
39
13
49
70
53
99
94
25
41
21
23
78
66
44
77
64
92
77
52
16
38
24
32
0
63
21
78
32
15
1
66
68
98
26
96
75
73
64
45
99
29
52
68
70
46
74
19
77
13
74
96
41
6
63
11
56
32
23
99
20
70
76
31
83
26
31
79
52
67
77
18
17
29
81
55
81
93
9
66
41
51
43
17
39
1
26
14
68
85
17
83
13
43
11
71
78
76
81
25
79
90
25
45
43
99
14
23
93
31
59
63
15
35
69
47
2
88
70
65
22
70
41
12
95
76
42
54
61
61
77
10
22
63
31
90
66
37
99
60
10
73
40
96
30
46
8
35
22
53
60
66
3
30
9
39
51
41
41
8
21
58
35
17
57
59
59
55
66
18
91
37
61
38
13
97
71
77
67
63
83
99
23
83
62
62
78
49
53
88
84
4
69
58
80
29
88
55
12
11
73
37
53
28
59
0
60
71
98
2
86
62
22
60
6
11
100
55
72
16
13
5
19
33
46
84
69
52
8
34
40
15
51
9
100
31
98
25
71
100
82
37
90
74
89
38
67
64
75
21
100
27
99
60
12
61
90
59
84
36
13
1
94
71
73
56
46
33
71
79
59
47
37
74
8
18
90
14
12
28
47
8
100
20
38
59
94
90
36
35
76
27
65
41
19
37
37
66
49
35
69
41
65
70
46
61
38
7
49
64
28
65
6
17
41
14
24
40
94
71
89
66
88
14
55
27
56
84
77
85
18
53
57
5
13
12
46
49
48
54
14
19
92
61
74
42
57
39
60
90
6
66
49
18
10
93
72
78
8
25
16
30
39
11
14
94
43
46
47
53
80
9
22
24
22
6
61
88
54
74
22
7
46
19
78
78
38
75
58
68
78
94
52
80
80
86
60
16
28
7
76
21
28
96
54
98
14
67
58
100
77
7
80
57
56
77
92
46
77
91
7
44
97
1
27
12
70
63
60
74
40
47
99
99
47
42
20
36
72
10
64
92
65
82
43
63
43
46
90
47
27
76
92
21
30
49
44
47
44
59
82
3
46
88
67
19
60
47
46
61
65
3
24
15
33
11
35
69
67
10
94
48
36
81
44
57
47
89
7
40
62
58
11
10
67
38
0
53
95
88
5
1
12
26
59
57
76
19
100
43
73
93
14
83
74
47
83
98
12
64
77
35
55
20
79
31
39
34
42
34
65
3
90
16
71
45
25
14
66
13
41
98
48
10
27
60
14
48
98
41
3
98
25
83
61
26
8
10
1
77
49
96
5
93
0
20
6
48
37
100
31
73
48
89
38
10
96
13
43
21
28
92
5
97
60
96
16
73
26
3
29
9
64
77
76
50
19
81
98
22
12
94
28
76
13
33
79
57
40
52
41
92
22
54
32
59
65
94
16
40
68
23
90
52
0
3
60
25
84
41
77
97
76
81
29
39
50
44
45
22
10
42
12
57
53
66
0
48
21
57
67
43
2
18
45
37
76
73
6
99
82
10
10
10
16
6
40
9
93
98
89
69
71
97
20
48
34
50
0
27
11
73
43
80
39
97
93
52
7
12
44
32
45
47
87
88
80
8
62
51
6
100
2
17
93
59
71
15
5
53
41
70
13
17
36
89
51
13
93
20
44
39
17
86
46
33
42
22
58
59
32
3
92
63
66
73
87
75
4
60
63
96
68
76
67
88
55
94
0
4
0
47
20
75
100
16
92
73
47
90
51
19
58
59
15
9
86
58
42
23
0
56
0
3
70
19
69
13
32
97
77
97
29
47
34
93
42
2
47
6
66
100
8
87
37
11
3
0
47
5
9
30
54
38
100
58
65
83
33
15
70
11
39
41
20
32
58
3
10
9
61
42
10
47
4
21
23
31
69
48
75
99
40
48
16
19
3
63
84
92
0
60
6
98
73
11
36
19
90
58
74
34
78
32
19
45
74
74
25
2
55
20
47
93
47
42
21
1
83
63
82
65
92
13
78
0
74
93
53
32
89
73
97
2
52
21
12
64
66
40
16
79
15
72
86
2
26
48
73
37
67
0
25
75
95
66
94
1
92
1
44
37
94
48
71
61
8
60
92
22
94
25
50
2
9
43
90
87
3
71
78
67
97
35
42
86
48
7
26
29
91
20
19
22
3
79
90
12
35
83
58
95
64
34
68
71
5
37
2
53
24
18
39
65
83
3
90
62
86
62
54
0
84
39
84
9
57
73
44
79
75
47
23
16
1
31
57
28
80
89
87
52
51
71
76
14
46
97
72
44
98
13
25
1
12
69
84
24
71
83
72
38
14
3
13
59
31
47
47
24
96
51
86
0
10
60
7
28
96
53
40
95
33
62
92
56
15
31
38
72
91
84
45
82
23
58
100
62
78
64
28
21
62
35
16
83
83
42
15
21
78
7
16
52
1
63
16
9
62
17
87
21
36
7
100
89
22
15
77
97
78
64
7
84
67
55
86
58
95
7
45
44
98
19
52
91
5
40
24
70
39
63
73
2
12
11
40
67
69
2
50
9
75
52
81
55
24
76
17
40
2
0
80
12
42
1
92
28
60
92
44
65
69
40
50
48
85
51
29
44
37
52
45
41
49
76
95
62
97
50
2
10
40
89
19
86
23
4
72
84
80
67
0
82
58
58
63
31
21
60
0
28
95
85
89
97
81
95
62
88
100
78
25
87
71
60
47
7
24
85
12
26
12
24
22
59
43
67
8
88
76
5
57
92
74
8
28
76
15
72
82
31
92
72
29
24
77
8
92
48
35
48
41
68
9
17
98
11
69
64
98
36
46
25
1
2
44
46
75
70
4
77
44
47
81
92
23
72
51
29
100
69
81
49
30
100
37
93
7
47
66
0
76
73
20
80
36
16
88
70
50
87
12
41
6
75
32
46
79
53
98
74
21
96
91
87
58
52
90
67
43
35
61
26
31
30
14
97
97
22
35
85
41
0
18
17
95
86
8
2
94
95
98
76
63
99
27
45
93
73
48
64
26
86
99
31
54
8
72
76
45
49
31
85
21
67
13
39
45
43
12
35
43
29
30
81
20
82
7
12
21
0
93
30
11
72
84
12
24
34
41
22
42
16
26
98
82
90
10
31
83
6
10
23
63
99
15
31
19
91
96
35
49
45
51
36
44
67
21
91
51
78
2
93
93
88
34
44
88
23
72
72
31
10
12
67
73
79
8
65
11
44
97
52
22
64
43
100
22
68
40
25
44
63
59
76
50
70
4
27
100
64
96
7
78
45
7
73
32
15
51
1
10
63
48
2
14
82
25
15
66
35
56
90
40
57
0
45
69
11
23
66
30
26
67
88
70
37
74
0
60
52
27
53
60
78
21
92
50
23
61
27
84
23
75
83
76
7
92
45
29
58
91
14
55
31
52
37
47
93
49
17
65
51
25
62
29
5
55
83
36
39
0
11
56
81
29
36
31
10
78
1
2
27
66
79
99
100
58
63
30
95
100
15
45
67
17
48
90
50
63
79
70
79
7
24
70
29
50
98
43
61
73
96
99
56
80
58
