1000
1
6.895560450086509752e-01
9.745169832220086370e-01
8.080591653617323900e-01
1.808191789418945872e-01
8.554115356711501361e-01
2.796502324267419182e-01
9.557317531045772530e-01
3.659582404270089739e-02
6.093492485355888055e-01
5.975322503989338729e-01
7.463842294123479437e-02
4.380332149870106440e-01
2.181262674319398576e-01
5.315924684757744600e-01
1.079317582647243423e-01
8.448757019482341368e-01
3.346236975887106890e-02
3.214090245452575489e-01
6.512422120768115441e-01
6.147339403587698259e-01
2.195387002353152983e-01
2.002055109109082132e-01
7.199096129066926419e-01
4.386777701115363026e-02
2.425324124244259139e-01
5.836215387860261838e-01
1.936592063465970570e-01
7.313105795011209942e-01
5.467369229353004068e-01
3.473831418179729180e-01
4.634587038955088056e-01
3.647676093705972677e-01
4.851585275057991309e-01
8.369421916883523771e-01
6.731131087650039646e-01
8.619292917175602753e-02
8.002749449321788777e-02
4.054410783296181764e-01
4.288381600423318840e-01
3.428562351423870558e-01
2.188786354011795776e-01
8.259728358797369108e-01
9.116443303516590380e-01
7.649266482432558467e-01
4.030136011545948360e-01
2.637624048858530079e-01
3.739014139023013605e-01
9.777596218219100077e-01
4.004554450439107294e-01
6.556464580641779838e-01
3.325876503355159608e-01
4.814439722245150710e-01
2.242756453173924136e-01
4.061086327206089308e-01
7.096151654320952407e-01
3.877862262327047560e-02
1.798291944320628000e-01
4.107236617551413005e-01
5.579488851098864943e-01
5.262578636706959356e-01
2.404336825364362662e-01
1.191330659319321805e-01
4.251420776192830209e-01
7.129241628223895733e-01
5.542157633126975069e-01
8.662019728424336096e-01
4.782486856039620537e-01
5.850774758203585169e-01
2.246907684823884477e-02
2.200911195704737811e-01
6.158757095461375730e-01
3.467002354868511382e-01
6.447449718006174058e-01
9.783407536022393769e-01
6.521302683988697835e-01
3.558617415732181488e-01
2.640310307922949518e-01
7.479177960551656179e-01
1.014931453301712860e-01
4.800191335312098406e-02
6.272131983766950913e-01
9.998932242009617166e-02
1.146498628909076167e-01
1.121659887519768084e-01
2.982038715697789000e-01
2.579118259466011143e-01
4.679993063867438075e-02
5.830805542235594219e-01
8.966339908461266051e-01
7.246597188492611696e-01
8.854545079658364681e-01
7.722035852261044386e-01
5.339598412730359733e-01
1.888650026338134502e-01
2.435602222098276481e-01
9.378240229065304412e-02
1.942526870439618136e-01
1.219542782496289002e-01
5.942883760210651012e-01
8.177303900636494483e-01
6.552787177495857929e-01
5.385966230515193409e-01
1.160128020139401528e-01
8.869333881820281595e-01
7.800538553646079176e-01
2.950927635431861429e-01
2.379215888401622347e-01
3.642796557431875470e-01
2.869676199338631051e-01
1.391199826800276762e-01
8.156448551958563886e-01
3.344684220681140019e-01
8.974411397357362485e-02
4.470198236790634549e-01
3.425585840650161584e-01
8.239738230183916157e-01
9.603579716819174994e-01
2.049951768111790695e-01
1.434610547299203231e-01
7.506795904932468400e-01
8.168027453234308899e-01
2.712186653961725646e-01
3.935584479468253738e-01
1.609450673174126489e-01
8.144602910711141730e-01
8.810183956304944441e-01
4.153029769893051837e-01
8.169007608600548087e-01
8.494955629641073314e-01
9.054054056315706811e-01
8.623676444513211914e-01
3.878509065758639629e-01
7.835888544280797952e-01
9.933814177727910977e-01
2.082812614358030556e-01
5.484371755442647434e-01
5.288678856546444873e-01
2.035276600288734583e-01
3.766025692573997663e-01
8.590715807234607926e-01
6.971277056067429756e-01
2.684852506955093254e-01
7.989624795413108327e-01
4.975814985994952977e-01
6.454674353232037198e-01
6.777200256249654720e-01
3.956168306465179807e-01
9.352064084443681979e-01
3.230645960930534910e-01
1.681041467240644849e-01
5.204883932239956490e-01
4.394174832648478635e-02
6.503112879071806240e-01
3.868006132590060542e-01
2.107980331319311285e-01
2.915156296654526358e-01
2.348545247705248196e-01
3.979912767303028787e-03
9.876882143487196730e-01
2.729722109134669061e-02
9.385825216211602928e-01
2.180691699317841570e-01
7.146566054610973273e-01
5.396131072579424259e-01
9.663833166011036591e-01
4.763827544365023536e-01
7.391809759892121745e-01
6.473914653904818683e-01
6.441696512997363566e-02
5.502543962875318106e-01
7.050497942799127671e-01
6.732417027432692214e-01
8.511647669835861185e-01
8.186312353996028079e-03
8.086981887692700210e-01
2.638072761974349367e-01
4.285816793297496652e-01
6.759900063207986420e-01
1.877476036984869756e-01
4.859932418090707751e-01
4.824033032115551123e-01
7.716626022813702912e-01
6.600940001960731163e-01
7.666757858446636709e-01
3.853320285054132599e-01
9.924233583625861055e-01
9.020253953432274541e-01
3.184911981968129302e-01
8.304470936291902250e-01
3.219239659037653745e-01
8.803150643738117953e-01
6.622010783440319681e-01
8.185683387978515135e-02
8.322509855889315133e-01
9.294440075370967724e-01
3.457829089760710017e-01
3.417907912785257407e-01
7.716473638895950948e-01
5.823668915347672836e-01
9.942224533034379474e-01
4.789246757119048903e-01
7.512414242769301920e-01
1.254174688600659948e-01
7.453532180612435498e-01
5.051908744964539455e-01
2.699600769547368939e-01
7.513338538164847646e-01
3.430030578669505115e-01
3.993091835131623579e-02
9.286750005452645285e-01
9.461165952519945410e-02
4.539082177740031421e-01
5.718451614470662081e-01
3.773101100356115456e-01
2.958049453758461178e-01
6.791769132714035040e-01
2.306382060073810525e-01
2.909986524282925924e-01
5.048255440962470253e-01
4.847003107251098841e-01
4.004670934155994955e-01
2.825719803912470907e-01
5.470308661092023739e-01
8.238537850537399621e-01
2.544453289104049443e-01
1.899701087281304712e-01
1.587989526109501170e-03
5.313471838629321153e-01
8.253460937827227228e-01
7.438083227795452279e-01
2.074364302753927136e-01
7.490567555513888420e-01
2.095389976510489971e-01
9.602712558108986718e-01
2.163149448163358413e-01
3.963539275650117544e-01
8.654063977009676112e-01
4.582480351484278236e-01
8.613855358249308258e-01
8.050400120320237995e-01
4.827953761362672180e-01
8.166140445326977026e-01
6.151209638751120590e-02
3.455128884097450337e-01
4.049849618120511252e-01
8.850461259028719052e-01
6.683512085414506920e-01
6.903976043044622868e-01
6.266405404858619299e-01
5.542583262547929879e-01
3.224086483471431119e-01
7.522550966151994034e-01
8.896439243695124510e-01
2.295953658035009282e-01
7.532047865186305424e-01
1.003798337878024638e-01
9.593031407234200447e-01
8.638838675979354509e-01
4.250657255234556731e-01
4.707743099757375482e-01
6.891182451422088739e-01
7.864879283798896781e-01
7.440211111121703969e-01
7.674434217547452253e-01
6.018335855256823352e-01
3.889018620762663137e-01
9.281488061581869564e-01
2.299094636248972812e-01
7.253257810206247269e-01
3.749809811922080183e-01
3.277463162888348824e-01
8.229392354868586557e-01
6.129499356873522320e-01
2.338073844192221085e-01
9.798464937040540779e-01
7.617346963095594781e-02
4.561342713225169376e-03
6.493329232201958678e-01
7.018335717547873331e-01
3.836650766624869480e-01
1.943519086498568527e-02
3.522415501278888250e-01
1.675702971635508742e-01
5.161417222542870054e-01
5.849777659819392905e-01
6.915127153904994106e-01
1.076791872882520984e-01
6.868510616786706047e-01
3.689951113631899648e-01
9.699892312869823341e-01
3.461355209370697850e-01
8.607340703779564617e-01
4.077405191992700129e-02
2.148682316798203873e-01
1.753498205507753038e-02
2.846593760027615883e-02
2.242632548435212758e-01
8.052362346296441098e-01
4.919805003795160170e-01
6.090828613349620335e-01
9.618064589874190107e-01
5.485560399478395244e-01
4.048489222974512858e-01
6.560226998653007069e-01
3.225030755206792499e-01
4.347590516911319369e-01
6.511471122973727654e-01
4.021488412943005075e-01
4.558902639944723001e-01
9.241550918629560796e-01
2.416471932088773977e-01
3.110253018551818460e-01
8.813165980509244379e-01
6.257998381109340924e-01
1.552046653613177174e-01
8.076670155942842211e-01
7.209160280614571592e-01
2.959604299150995210e-01
9.421745087215617209e-01
6.798763229807261999e-01
6.198733663239424097e-01
9.620681777696680204e-01
7.020167835911128584e-01
6.804784358254128973e-01
1.959384003788372519e-01
1.394154379040442038e-01
1.648816001791839625e-01
7.579468301513384576e-01
4.745452272992117804e-01
9.535470849449645403e-02
4.542687555598270421e-01
7.909515923630824341e-01
2.240622958608434745e-01
4.535727324417065942e-01
7.496260807749484112e-01
6.806310542924886020e-01
8.714268603353727549e-01
4.108516673533901820e-01
6.455142629849952574e-01
5.848288576113194193e-01
1.056605115943179962e-01
8.148487300742187633e-01
9.558281520919388319e-01
7.080084688158454487e-01
1.481996595325567601e-01
1.578962976217921366e-01
4.614097485430279644e-02
3.344101613143336538e-01
4.162423334766474081e-01
5.781697328258439406e-02
5.772247839661308610e-01
2.804670307761019110e-01
1.869830886873350417e-01
3.255437865855017598e-01
8.240581523464508562e-01
4.697308363736397707e-01
3.399218518423361424e-01
9.866298505576733824e-01
6.606751123044100060e-01
8.619572938027353359e-02
8.093782281771919607e-01
9.324233673553279367e-01
9.138904314835782916e-02
5.896146205367810422e-01
1.806910808853834371e-02
5.961721060527275240e-01
9.132766160105332265e-01
3.671227381823524150e-01
5.339922689688237911e-01
7.347408083181291572e-01
8.185691222987671045e-01
7.213048162369257721e-01
4.923147041605103746e-01
4.375131575972572850e-01
8.739943284389165568e-01
5.969171263627078838e-01
7.691275917257729411e-01
2.499889343917138795e-02
6.322540737489934504e-01
1.366280280482421450e-01
8.355100145127440925e-01
2.128167985606304047e-01
7.578057022308999358e-01
4.525540663337552783e-01
8.501316186749938719e-01
9.966355668202852014e-01
6.931816521185332203e-01
1.680070288974311321e-01
1.365146572828366267e-01
7.891130112210864578e-01
6.311186697824924252e-01
7.285163011951604206e-01
6.697970333995335590e-01
1.708832199230381210e-01
1.388100277068721189e-01
9.354033476587253482e-03
6.375170683795332582e-01
7.642022114570938829e-01
1.876222038415586990e-01
9.513721845630085383e-01
4.446998625545548478e-01
4.757755116648346716e-01
4.307722337768037368e-01
4.953287101897271283e-01
5.834154790225656306e-01
2.765405409019757732e-01
9.602574858281498482e-01
1.268567184315482210e-01
3.868657184249918446e-01
2.966063422554969797e-01
9.990769360636294616e-01
3.779305410492539430e-03
8.298424104933738166e-01
7.581621636789697138e-01
1.685188671599779919e-02
2.381107681399581288e-01
2.805423807245438494e-01
6.392230177174967887e-01
3.178168074652438779e-01
9.309184057380491817e-01
5.193854721271459196e-01
7.790615429397016456e-01
4.460391998367262412e-01
9.314226675949596190e-01
1.768554975414615704e-03
9.018997402465758206e-01
4.731723537519809675e-01
2.802171572797657051e-01
1.485160184564309205e-01
9.942688289708262461e-01
4.838759958601102085e-02
9.729337841810895560e-01
2.011885534308928136e-01
8.188796655304122485e-01
5.024087512469140870e-01
4.107311811311230576e-01
5.102544798873693832e-01
2.781622833288107666e-01
6.202975212013824846e-01
4.075214582349033776e-01
9.811041440813221826e-01
8.509103757904040721e-01
2.226398091484997899e-01
4.156659905512188891e-01
7.843781673442149494e-01
6.940507792747671045e-01
7.654857807154946681e-01
8.167531518976418603e-01
3.119076134416763901e-01
1.264909799999935913e-03
2.006627905206072038e-01
4.605370154332999455e-02
6.079221156672710569e-01
2.174092138784967654e-01
9.847046419586558130e-03
3.610228320493306109e-01
4.376229790841156264e-01
8.216174934589155487e-01
6.817378026727020091e-01
6.385274267405494086e-02
3.077166228152861116e-01
4.793090316052308619e-01
4.656777901186780477e-01
7.610722865815818805e-01
2.987326184582177468e-01
2.176847727611368466e-01
4.189386655254355718e-01
8.094196921277866386e-01
1.330165166097768692e-01
8.344990552218641833e-01
6.182902710549612602e-01
3.547041109085539157e-01
4.684397190921387732e-01
4.351505659384519165e-01
6.278712434483472160e-01
5.457309026510260841e-01
4.936018378160621500e-01
6.782831772865252074e-01
1.463766155437242755e-01
4.447800306152333016e-01
1.967187125303619943e-01
2.478028204901696618e-01
4.089057726555235250e-01
4.026640621965581479e-01
4.161638914706387027e-01
2.784294839439570568e-01
1.816887061036364104e-01
2.071873130583768985e-01
5.628505747199358256e-01
9.941977220059119436e-01
5.576986019842258280e-01
4.943193175172189147e-01
2.635037514276605819e-01
1.930314262383913126e-01
5.651119438080882684e-01
7.041516337099141820e-01
3.787504046988746653e-01
3.497684126945220795e-01
3.013827901278691712e-01
4.261313730146598644e-01
7.212691197707410407e-02
2.767781255296173359e-01
6.630614030725997532e-01
2.102342890122426144e-01
1.424429826069263383e-01
5.652023481812271655e-01
5.774252758059889024e-01
1.669149983387101521e-01
1.413119583396454937e-01
3.178267407164837577e-01
8.391498367415406445e-01
7.767048768722208951e-01
6.550177677437646340e-01
3.412262458775628948e-01
7.072338187353105488e-01
6.472514513794901392e-01
9.433232072465903562e-01
8.587351404463534621e-01
9.865168838814153407e-01
7.640345508894396120e-01
3.977215298091687501e-01
2.488265797827164949e-01
7.690733277908492482e-01
4.390669848724082502e-01
5.802222884215550991e-01
2.986959261445597535e-01
3.559728446663057433e-02
4.945725269855648643e-01
6.314327988660455304e-01
1.567359580168139477e-01
5.265968280074916352e-01
5.284514674130247336e-02
1.941937986643708092e-01
5.649595020401839696e-01
2.621295284733679010e-01
5.254195478812340170e-01
2.049798210321277514e-01
3.291668749620623169e-01
8.874511489283853916e-02
3.012482170642835078e-01
8.182451615278019119e-02
9.326862177917515373e-01
9.800888442905452136e-01
8.124952691905578117e-01
5.781979641298595762e-01
3.710273154562527820e-01
3.496922408891550704e-01
2.913414026569259851e-01
8.865573958681920441e-01
9.606680651143201244e-01
8.902503334038890381e-01
1.106832869845286726e-02
6.558148024103706009e-01
1.458549320706166164e-01
6.093577171488151478e-01
7.775869365150421819e-01
4.314411755997439313e-01
3.533706432454370994e-01
1.851592868317577523e-01
3.313931840617981850e-01
7.253538222121720391e-01
7.146821984303214359e-01
9.656510297280495037e-01
1.885550251488724571e-01
4.016352638338773762e-01
5.165101273471139898e-01
1.386328370056425507e-01
4.591874591973990061e-01
2.356885972611960645e-01
5.018202108403535533e-02
9.380735431471829422e-01
6.093997720179507027e-01
5.233760386870821568e-01
5.687476484139210031e-01
1.481154705110253600e-01
3.062989062647872851e-01
4.545235951158937970e-01
2.249317284657676996e-01
1.602919369130845206e-01
6.229737066900810083e-01
6.162367368200164508e-01
3.631827095078786760e-01
6.386795153695413729e-01
6.482434316107391625e-01
8.772147075725009735e-01
5.303403454886331803e-01
1.971674494705897285e-01
4.702953881878124687e-02
1.023857332197869452e-01
7.948201543833044447e-01
8.961249097270015396e-01
4.748015688442595028e-01
5.997749130308069887e-01
2.402101074181569595e-01
4.455631012474234875e-01
2.827526732516112418e-01
6.384182788072699788e-01
6.852842219495881571e-01
4.149247629363626011e-01
4.681573741951194911e-02
3.414330295788980951e-01
4.549431734639166613e-01
3.451941014131054697e-01
5.486190477844479219e-01
4.111147781347670449e-01
2.447897269817140842e-01
2.705175392705448933e-01
4.971342522997257429e-01
5.130483449473530744e-01
2.871986098769067075e-01
4.839763944921831040e-01
3.951346294661040037e-01
1.290787180309970195e-01
4.565700465584675571e-01
9.807975579079589723e-01
8.097067538111835105e-01
7.285772482062565780e-01
6.687483492676430386e-01
1.984886065713871162e-01
2.142129235655517716e-01
4.231140360280387647e-01
3.166228932213583924e-01
1.030287329001847718e-01
5.950230089243377929e-01
7.693351403962234158e-01
6.038755265763061653e-01
4.467013593881368205e-01
6.665900649097643571e-01
9.007738813567572889e-01
6.530537439305357239e-01
8.240580921269858861e-01
4.689305789053528351e-01
4.090498619734972419e-01
2.605648345996657289e-01
6.858197026539477603e-01
1.946251173698636538e-01
8.034227186534289578e-01
6.459052570519976388e-01
5.803815896817099418e-01
7.292020524813204174e-01
6.700836272799732818e-01
9.018781937037131380e-01
1.078350220214249200e-01
4.788567572622156598e-01
5.400771625476046278e-01
5.496404617168431095e-01
1.344625514744380856e-01
7.728430725997936790e-02
4.107237170290439776e-01
9.703507511969907684e-01
3.396659022651808968e-01
4.593328041077092694e-01
5.360892352749713208e-01
2.282948073464177163e-01
3.798615124388304842e-01
8.551717326909987760e-01
7.867474488795538345e-01
5.122083082146101640e-01
1.516312949076648042e-02
9.325197998977486913e-01
8.077685318398819536e-01
7.834898944644469454e-01
5.751472969038634586e-01
8.420493223990557219e-01
6.748918087894363316e-01
7.473431540073190993e-01
4.236925108708492482e-01
2.934177571666802820e-01
9.096481671054285068e-01
3.415321307829016773e-01
4.399987547791827103e-01
3.834729978825057728e-02
8.576598971994764398e-01
2.892854175959648222e-01
7.164357171843939165e-01
9.963359557728032057e-01
5.564627403343291867e-02
3.806149776040534949e-02
3.957933422974396764e-01
1.533337452391629885e-01
6.802118569166349937e-01
5.002421716709635202e-01
6.419092572239262218e-01
6.113950790027029569e-01
6.360874427139393550e-01
7.338806943923559256e-01
6.374016390167351886e-01
6.012900783772242574e-01
3.208371197650331519e-01
1.220260601586905524e-01
8.201071495774724385e-01
2.778364108574162827e-01
4.040492811177057719e-01
1.894845688072008816e-01
9.493665753356759218e-01
7.797382193869893952e-01
2.591703930659305932e-01
4.438398558502110181e-02
1.208131243972276891e-02
5.850900253934034900e-01
5.102704238792237224e-01
3.442617027473795499e-01
3.713956333479988547e-01
5.824953367629071010e-02
5.034999820234298262e-02
8.166944186525409988e-01
8.162084440434640431e-01
2.117874608520686763e-01
8.239610538374130266e-01
4.451797364657352762e-01
9.545505541382812709e-01
3.872724647469475423e-01
5.578361872316252024e-01
9.124888489389053614e-01
7.511764829973107682e-01
6.966677836724991524e-01
5.565783152467618233e-01
9.648518145962703407e-02
4.810355686069578418e-01
9.409473030846837727e-02
5.123464267883492962e-01
4.101260346605004603e-01
3.098880046127123755e-01
3.931707814903928622e-01
3.914357066510352201e-01
8.197947015433719731e-01
9.652072437750474077e-01
6.139064246720834506e-01
2.204318969185284915e-01
1.955735214695858426e-01
6.051029164751190459e-01
1.684647247060824249e-01
2.278503193689584982e-01
4.733139217231799867e-01
6.092297048511675639e-01
9.710194503633735597e-01
3.622117375587763366e-01
1.730540396792039637e-01
8.691801882742153929e-01
4.840512334754373258e-01
1.895520737710938430e-01
2.189308235385267754e-02
2.528461159779016310e-02
2.824541950141437052e-01
3.646601545929957222e-01
3.872970196930857201e-01
7.485110982939018331e-01
8.711455500771705385e-01
2.965555522937838306e-01
2.713248343577370214e-01
9.649205681711409133e-01
4.371958010825927055e-02
1.241822618331900330e-01
6.621058678091471528e-01
3.600312278572530555e-01
5.560948597130910276e-02
4.445366165445185924e-02
2.626772653602357233e-01
1.414726755468339592e-01
3.662966748056948330e-01
6.588580900102867233e-01
7.464835035769631366e-01
7.909727888485261760e-01
6.606133873165420667e-02
2.013211041477207530e-01
3.343587869168785920e-01
3.032523433054079565e-01
7.633454649621825849e-01
1.948497629667065301e-01
7.081615683087901791e-01
9.510129170653131014e-01
2.119661737189552086e-01
2.941820026230619334e-01
1.698036953847470443e-02
3.419145147248580097e-01
6.194475741000171620e-01
5.436370972380702993e-01
4.411756138070267452e-01
1.857061348465803841e-01
1.662102498420731100e-01
4.623041289623789352e-01
2.233428624260024309e-01
8.524666637614523035e-01
4.258503922325878044e-01
7.411771663497912499e-02
5.681119236644280868e-01
8.491759281673193493e-01
8.881286975929891803e-01
1.722080596585948697e-01
7.636139910719963453e-02
1.036855558087358409e-01
3.005168286701646041e-01
8.939788380036135518e-01
8.475392716707722540e-01
3.535294507443814682e-01
6.590509795279698713e-01
8.937733122289779342e-01
4.601036133406810613e-01
7.358968653020371287e-01
4.755231735524758641e-01
2.731119350431527870e-01
7.102356677582004618e-01
2.100959096219214839e-01
4.753840903672036378e-01
6.009247356653861782e-01
7.067137021917735407e-01
4.920047728634835416e-02
9.359088310765331098e-01
4.407656284047168915e-01
2.862198272999736393e-01
2.814371812401921247e-01
3.362014886534355762e-01
8.689430318174322654e-01
6.485478559405830623e-01
9.833309921356458982e-01
7.263397302027543301e-01
2.647648214857953874e-01
3.604857186456338347e-01
4.477054780841880355e-01
3.371878357424040740e-02
3.849003500551247958e-01
8.812546128993788974e-01
3.168327462874231948e-02
1.737511500055388680e-02
3.373014020841791361e-01
2.971288329519905513e-02
1.370896108278435443e-01
1.432633008054595702e-02
8.763021436806157638e-01
2.396910372056378913e-01
7.249493258652490724e-01
4.521747495470227474e-01
8.622514842623909548e-01
3.578633343621303586e-01
8.345424365689685375e-01
6.035562874867541616e-01
9.469630486087464716e-01
6.720953145570601750e-01
7.146775577539620228e-01
6.564100864337722996e-01
2.512010933157317050e-01
6.959199665525180878e-01
2.721838578450200830e-01
8.659937181903234471e-01
3.021901952975597494e-01
2.132290551587119332e-01
8.909736554331643132e-01
3.656075139110972483e-01
8.963873892970110058e-01
9.686190837687634891e-01
2.697002714903974363e-01
6.115130468778627870e-01
9.666688991945683318e-01
5.063477212623990198e-01
9.241093815322037885e-01
8.970048691153088560e-01
3.285594220473164739e-01
2.354564272172277040e-02
8.021323165042604231e-02
4.950561451225738985e-01
4.081853370823456117e-01
3.833677590716203509e-01
9.027840020499234841e-01
4.290797949928571997e-01
3.964056176194228343e-01
2.271857222492481565e-01
2.176191404090626058e-01
6.052372926849027834e-01
5.159408620267017520e-01
5.764717506760802523e-01
3.369461522606642667e-02
2.794326313652896188e-01
3.064756432925326290e-01
9.081201347467491303e-01
1.189282438773511252e-01
8.554571470657373888e-01
3.828604912302436825e-01
2.976008890708344845e-01
3.725941444438315431e-01
1.162830102964228507e-01
2.604730328676581053e-01
3.647086858400871989e-03
5.041265497004352447e-01
8.135077806102856135e-01
8.844196078812535111e-01
4.484962921998065788e-01
5.045549673172173843e-01
1.777442657475204468e-01
1.756116354345804709e-02
3.539307305046099916e-01
5.995254972568898610e-01
7.992104648000060152e-01
7.094812259954308420e-02
7.554737345420673433e-01
8.365033123732508180e-01
3.366435111968075766e-01
3.410849554614965307e-01
3.594485155740245741e-01
8.887911638825722882e-01
9.751114814079970827e-01
5.034834500986872241e-01
5.381824611450976015e-01
1.436211275116887620e-01
8.089044684203429147e-01
5.695125141826673509e-02
3.823562421789372667e-01
8.838385641812196436e-02
3.639700261924376790e-01
8.506773755959999850e-01
8.526620812413058248e-01
5.290473143814137247e-01
9.332108532550319469e-01
9.718975814154769965e-01
4.880777370265119153e-01
9.972516806794258226e-01
7.774704543100915410e-01
8.039173713894837148e-01
4.452444292208357357e-02
4.664037953488645583e-01
6.378697129365151763e-02
3.134794649588216187e-01
4.613850528948957308e-01
3.377705621959873339e-01
3.995367180539742824e-01
6.092733814603130682e-01
3.194935917837062878e-01
3.147624140938110049e-02
4.882202687788462780e-01
6.077638563144125428e-01
9.332966530274353634e-01
6.761746415413694145e-01
2.799400728217136258e-01
2.914431397007539726e-01
5.418046863571482907e-01
1.337012231466401246e-01
8.774029303556373227e-01
1.814776300001952336e-01
4.290673078303701704e-01
5.743393540901565730e-01
9.756522503698084048e-02
6.880434764403234871e-01
5.459715998944255633e-01
7.589421076145338452e-01
5.724396234783906134e-01
8.255838699054180996e-01
2.756099910024329969e-01
8.772820099747898892e-01
8.127996388476961265e-01
2.207589598679211562e-01
4.986489274995280496e-01
2.052152940532315784e-01
8.857837409036458665e-01
6.564337758932231592e-01
7.863875477673131220e-01
3.590947711302739931e-01
3.715322480488403301e-01
6.092256740761134992e-01
1.529799009517968100e-01
3.066276431593518703e-01
2.908453961417005740e-01
9.885420211084968711e-01
8.163178191664476335e-01
2.116860807938214517e-02
1.737688140549835669e-01
4.016704349445321398e-02
8.171202139098857620e-01
4.814073182713792809e-01
8.304149307019650372e-01
8.035176482187063041e-01
5.813074239607382010e-01
9.685841037747586757e-01
2.978971849790712501e-01
6.508830682021405911e-01
9.764514223973618234e-01
7.248437783766862319e-01
9.828106540283956249e-01
1.404172367564179291e-01
8.006224333867075771e-01
2.504607644532188537e-01
5.897188702166186181e-01
8.536063962268126692e-01
7.799334176926020490e-01
2.318467043166946295e-01
5.877033238636780732e-01
7.119360402645016350e-01
3.240713864415256662e-02
3.425774817883701084e-01
7.645177901378373830e-01
6.314467585870741084e-01
8.890021343555704059e-01
7.135304922655709703e-01
5.685009955270456938e-01
9.458923720528080725e-01
9.336655499387219725e-01
3.063277422608162714e-01
9.467247772670206452e-01
5.923847041663687918e-02
4.901448315137069134e-02
3.819589123622991744e-01
9.936805428200036205e-01
