5000
1
8
5
65
23
74
20
50
64
56
84
5
45
93
91
79
63
4
92
22
9
54
91
62
59
28
73
91
3
47
16
79
41
53
34
61
75
53
98
42
56
18
26
38
36
76
1
17
55
17
38
31
87
25
39
47
64
80
93
92
18
86
76
52
70
61
81
46
82
51
15
16
96
3
64
69
68
92
78
70
62
18
66
46
30
21
67
69
99
62
58
5
54
65
36
86
64
39
79
31
4
35
91
11
98
40
34
79
62
41
86
92
44
24
34
16
28
39
90
31
93
93
22
61
22
64
91
51
23
50
5
14
89
77
24
47
82
3
64
33
40
67
17
76
48
7
64
11
4
3
50
88
98
98
37
75
5
9
67
38
74
31
97
36
33
30
16
98
23
77
65
91
78
28
2
71
12
5
42
21
45
95
54
42
24
73
59
60
26
16
28
81
29
100
41
35
23
30
68
78
18
10
16
85
43
32
34
75
89
16
79
7
92
18
43
7
87
77
68
65
43
11
3
54
28
92
81
25
17
5
79
14
88
22
60
36
24
51
10
43
68
36
31
66
80
75
72
7
17
36
47
9
7
60
87
44
30
77
62
43
63
2
91
10
92
56
75
95
82
11
5
98
19
80
17
68
3
52
30
86
55
94
6
34
50
5
43
42
71
91
64
95
5
55
31
79
40
83
70
51
45
8
27
54
69
5
48
8
67
66
22
18
61
95
36
67
100
11
13
22
37
96
19
84
38
64
95
98
98
29
33
79
40
77
1
40
48
87
5
42
7
70
56
74
47
27
14
85
86
4
37
68
19
5
38
8
43
80
99
16
90
85
23
71
34
51
73
14
66
79
87
13
25
40
17
77
15
32
91
13
63
14
53
8
85
58
44
31
20
61
6
52
74
82
11
1
56
1
28
95
54
85
54
28
58
15
42
0
85
68
6
14
61
94
67
61
87
53
43
82
86
44
11
83
86
75
11
18
80
28
94
61
75
58
93
89
51
83
6
38
24
75
60
74
78
20
23
81
28
26
93
85
27
91
31
95
98
58
75
80
75
24
19
75
42
75
9
55
33
3
17
89
19
63
81
55
51
19
78
58
17
50
37
71
31
13
98
57
45
78
17
53
15
52
26
15
98
48
75
83
16
9
51
66
85
53
43
70
63
89
51
59
100
99
31
82
54
29
64
63
28
33
99
31
58
64
92
48
15
47
94
81
83
16
78
42
71
31
22
2
51
92
36
34
81
13
44
93
6
44
71
95
14
16
30
70
70
90
82
44
56
99
96
77
71
77
67
75
25
15
40
36
97
80
3
9
19
75
79
11
66
45
5
86
71
37
76
37
26
4
77
84
0
66
25
35
24
82
12
86
77
79
60
37
86
30
55
53
19
55
62
49
95
23
41
1
98
88
56
98
31
99
9
51
85
93
19
80
52
12
53
15
61
82
96
17
53
4
10
72
62
85
100
11
79
87
82
43
55
82
75
11
56
79
2
15
58
19
47
53
1
33
69
100
67
66
97
53
20
77
82
6
7
98
29
51
94
17
69
48
26
12
58
97
61
3
3
86
58
62
63
3
57
14
93
85
44
92
33
42
47
55
33
40
98
14
22
21
12
68
92
0
90
29
82
37
63
21
81
88
88
60
12
36
1
42
42
17
53
95
67
77
37
10
92
95
57
15
33
1
57
60
27
33
22
72
95
59
70
11
42
14
79
25
25
62
33
65
60
8
27
10
12
58
97
78
99
61
51
31
72
23
24
48
69
8
53
52
38
88
40
30
99
34
79
70
48
89
2
97
17
62
30
60
84
81
19
12
75
72
69
64
89
63
15
61
90
70
59
30
73
43
33
34
8
74
66
45
27
99
29
91
7
85
68
81
97
32
50
89
16
0
24
61
9
27
3
75
18
100
76
37
15
35
65
42
27
81
7
19
75
74
31
15
14
62
52
85
25
40
63
91
56
50
75
79
88
57
45
50
9
10
46
45
81
21
67
96
92
58
65
86
20
17
53
46
58
8
82
72
98
69
83
52
22
95
75
76
19
50
32
20
5
6
23
36
52
94
47
68
18
59
58
54
41
2
31
8
25
10
65
90
77
5
77
63
46
60
19
61
74
31
61
28
94
99
78
34
14
5
29
31
89
34
17
79
27
34
10
37
81
58
51
72
99
58
86
95
9
75
83
28
16
33
74
98
15
27
18
19
45
1
23
12
59
14
79
89
13
20
20
76
94
56
92
43
95
61
53
48
70
58
36
68
63
95
17
36
87
54
80
91
99
56
29
36
89
87
83
71
23
13
11
68
96
36
71
50
45
80
34
5
78
60
44
17
3
13
26
10
23
87
82
20
87
59
44
38
90
25
31
55
58
4
44
31
61
38
28
34
15
42
86
79
14
13
33
0
28
53
61
32
69
47
11
67
91
21
1
41
59
30
81
46
85
90
44
35
68
93
65
3
3
19
6
87
41
0
62
3
88
44
51
75
67
76
65
63
25
25
36
54
68
79
83
88
23
98
86
99
59
54
96
70
42
16
34
3
20
88
78
73
75
42
90
38
90
75
38
27
98
19
90
51
75
65
92
85
11
5
43
75
45
83
42
56
51
34
29
54
83
20
16
35
9
61
52
83
4
39
55
46
4
52
21
13
53
14
54
81
62
4
94
97
89
24
32
58
22
15
70
94
11
54
82
59
33
88
93
98
75
76
81
53
64
20
83
53
0
35
96
72
14
97
81
33
85
42
39
88
68
71
78
72
16
59
6
100
86
16
11
27
72
64
24
68
39
22
15
83
76
95
1
28
2
94
61
77
59
67
34
9
67
15
8
0
3
86
6
16
57
55
59
92
55
58
39
0
7
100
23
40
15
62
33
23
4
61
96
36
51
65
76
66
83
39
92
24
58
5
79
83
70
92
93
89
88
76
39
29
26
93
68
93
65
9
18
45
18
21
2
98
28
73
45
34
91
83
49
59
73
99
94
9
92
60
49
17
77
85
80
69
80
19
19
23
47
21
34
83
4
93
5
1
48
63
2
94
7
58
73
22
37
4
27
45
19
64
38
7
26
37
55
28
36
37
69
44
82
13
70
72
71
71
60
81
30
76
67
63
92
36
13
29
50
86
13
66
85
32
94
71
93
10
59
55
68
27
80
40
98
53
31
53
46
53
90
26
21
44
68
95
31
99
66
71
37
26
4
84
17
6
99
8
45
50
30
19
83
51
23
91
21
41
8
88
40
32
26
91
52
16
93
44
82
43
17
38
91
97
64
68
47
13
6
31
88
10
100
19
88
2
0
22
98
47
94
30
14
27
1
86
75
46
15
96
23
49
34
42
64
42
68
89
90
72
64
8
39
55
50
99
8
96
74
0
76
51
43
41
95
42
56
75
96
60
30
26
77
17
90
70
95
34
15
66
5
83
72
41
29
36
47
96
12
78
59
60
74
66
51
93
4
10
79
74
13
91
42
26
85
87
54
87
36
59
26
40
44
44
49
67
17
48
38
99
44
4
75
84
90
50
19
8
76
48
72
27
1
59
98
47
61
50
68
65
98
96
30
90
59
81
47
45
44
50
37
61
33
6
4
69
31
26
60
12
27
34
38
57
95
57
61
85
27
41
49
2
26
82
17
98
40
69
26
25
62
63
89
88
62
34
36
22
65
36
76
86
83
46
36
100
19
38
99
19
47
26
26
18
59
69
73
69
22
93
21
97
2
54
84
17
98
71
86
36
60
58
91
62
76
89
97
50
97
71
38
69
75
11
84
19
98
82
76
45
52
90
95
7
12
75
3
68
6
39
11
46
86
6
86
66
36
93
95
24
26
62
87
96
36
27
81
60
41
39
36
93
60
95
35
71
12
0
99
45
98
53
65
87
22
62
11
75
46
31
56
39
84
47
39
56
39
53
100
22
94
53
67
17
37
17
88
73
9
60
36
20
80
100
14
77
16
84
52
5
57
76
44
15
67
30
33
61
77
13
19
7
21
60
80
2
77
17
80
22
6
38
82
99
98
0
62
89
5
85
20
89
71
70
9
54
98
55
6
94
52
58
50
50
21
51
95
52
50
19
27
97
9
16
38
94
85
92
2
70
60
18
0
9
45
17
2
41
75
28
72
95
85
93
62
16
12
64
96
22
21
56
49
100
65
58
56
65
53
29
83
50
3
34
63
75
41
29
86
94
22
14
43
17
89
50
57
0
38
98
25
47
56
51
39
13
61
79
0
13
70
22
28
92
89
80
9
53
75
81
1
83
43
69
40
35
66
88
72
89
70
53
8
97
82
45
30
58
23
3
17
5
61
77
52
63
72
97
48
26
17
34
30
5
87
52
22
98
91
21
51
90
99
76
29
13
71
51
41
89
30
40
2
70
68
58
35
15
37
33
66
95
42
45
88
60
66
34
52
26
58
70
8
59
65
64
56
36
30
28
31
6
99
41
97
8
86
60
55
54
69
81
55
81
56
80
31
70
67
58
30
49
52
17
68
65
85
22
43
73
80
25
13
2
59
21
3
77
48
58
16
32
85
91
81
38
18
27
44
60
81
12
79
46
6
64
53
33
80
59
33
25
38
15
80
24
69
30
94
84
8
44
80
20
83
80
65
6
28
58
32
89
48
17
19
22
90
32
25
16
10
66
58
16
81
45
20
2
97
32
47
44
52
37
49
42
90
43
44
92
52
59
67
65
68
71
28
68
75
94
82
70
59
47
16
74
22
55
36
85
59
79
11
85
55
73
52
7
80
5
70
87
55
3
4
13
24
37
61
42
71
71
18
80
12
94
36
83
65
73
80
48
67
71
69
48
50
30
32
40
36
7
62
17
35
33
86
49
12
74
70
1
83
95
35
31
83
6
59
25
93
76
40
29
44
37
61
73
33
87
89
84
17
22
50
85
40
27
61
43
2
23
94
7
24
12
74
73
19
58
66
47
83
10
33
74
90
23
3
53
2
8
8
96
59
44
89
41
93
74
97
20
20
37
80
50
58
78
100
67
35
99
41
69
23
6
26
91
9
14
83
95
93
73
64
99
71
54
3
4
97
70
49
50
73
63
66
92
16
84
5
80
11
10
70
45
16
36
33
91
52
86
98
6
30
95
82
56
12
97
73
40
98
92
56
92
10
19
39
22
53
41
28
99
87
32
72
93
76
94
90
88
47
13
89
86
69
82
69
20
50
10
8
72
52
29
2
5
5
44
12
15
19
39
48
81
0
98
46
39
90
60
60
77
77
75
22
36
64
9
92
57
45
78
40
33
8
72
12
17
8
56
75
50
60
18
91
89
63
90
6
33
87
83
23
44
87
70
77
70
4
76
94
57
60
11
68
29
12
41
25
44
49
64
72
80
6
74
50
84
8
86
51
78
52
45
9
56
100
59
33
21
18
85
95
29
79
55
68
47
37
48
35
100
24
29
48
98
25
48
27
10
75
79
20
46
88
57
78
71
83
31
16
48
34
39
50
80
49
17
10
24
89
14
42
43
60
77
2
40
38
52
74
25
76
57
40
70
62
61
55
32
28
24
85
78
54
0
22
6
84
18
7
4
1
88
92
94
67
11
79
0
97
31
36
44
27
39
15
29
94
19
94
31
55
44
16
56
58
44
61
32
31
21
74
43
40
53
90
66
15
27
65
83
89
19
58
53
53
13
50
96
75
94
74
27
11
74
28
10
13
16
24
36
30
45
82
61
36
73
29
75
87
17
49
71
0
49
5
70
86
66
57
69
78
38
9
8
88
19
100
5
83
79
85
8
44
4
62
67
24
7
20
16
5
20
27
9
92
12
44
65
90
64
65
72
69
92
11
67
24
23
55
29
44
0
40
0
13
51
77
42
85
36
48
15
72
58
91
83
56
73
74
95
52
0
59
9
75
10
21
87
1
76
3
62
24
20
4
52
62
1
14
58
96
94
79
47
29
82
22
83
36
23
9
14
53
21
90
25
86
9
4
88
13
81
82
76
38
71
69
38
80
81
45
51
32
60
65
83
42
59
38
14
8
80
28
56
70
84
54
72
49
28
37
48
87
40
6
51
57
44
53
62
45
32
5
100
82
88
53
100
72
37
100
81
0
4
0
21
1
62
35
73
26
88
76
96
23
63
91
53
26
71
40
0
73
93
18
92
24
17
15
72
100
28
80
79
21
93
96
61
20
0
17
69
1
93
50
82
37
83
81
18
25
46
41
60
26
52
42
20
74
27
21
20
84
97
51
86
72
85
41
49
97
64
75
28
16
91
56
47
0
20
68
95
79
83
36
10
73
89
53
86
14
67
53
3
98
69
97
80
57
79
42
82
42
51
83
59
98
38
53
2
80
51
62
69
40
37
52
5
12
10
89
27
47
86
68
86
43
27
89
80
48
47
53
6
40
0
73
99
42
32
49
47
69
47
86
4
19
75
86
47
44
26
84
2
22
64
97
12
41
99
57
50
42
8
65
69
1
74
88
13
96
64
8
49
1
3
67
90
15
41
44
92
23
87
0
51
96
27
58
27
26
55
89
22
26
24
76
49
42
70
4
84
0
86
48
46
48
14
13
83
43
24
53
1
37
96
85
36
2
31
39
66
97
50
91
1
25
51
15
28
84
25
5
11
48
94
28
27
52
74
97
3
84
3
51
25
5
18
5
20
80
39
78
50
2
98
21
98
9
76
62
14
99
77
55
46
98
50
22
46
9
73
43
80
6
29
78
34
41
18
51
9
84
99
75
66
11
62
70
78
29
63
46
80
63
24
83
13
44
10
91
29
63
16
91
68
54
80
38
97
79
50
81
41
22
63
3
80
95
93
92
38
77
39
74
78
33
83
52
62
81
100
95
53
41
62
65
7
53
49
81
8
84
67
90
95
59
76
56
35
12
32
64
73
68
35
53
96
42
48
18
10
59
14
92
71
87
47
88
33
73
57
80
37
70
71
71
65
80
23
51
98
73
9
92
80
10
63
16
98
23
19
63
82
55
72
21
70
99
38
38
20
11
5
73
22
24
11
81
75
77
94
7
57
23
88
97
8
96
46
59
53
50
42
56
4
23
78
37
64
60
26
36
45
29
25
7
21
88
37
50
17
8
74
71
39
50
19
84
13
96
2
45
86
53
58
16
82
24
90
76
14
16
58
91
69
37
31
32
24
89
4
86
60
91
35
83
46
22
27
100
23
97
91
15
67
62
7
40
12
29
30
60
36
71
75
41
37
75
3
45
83
23
5
25
46
82
39
3
37
0
88
70
50
97
34
6
30
99
44
4
35
76
19
25
80
8
33
35
80
0
92
2
14
10
19
63
58
59
55
96
14
86
64
26
18
98
7
58
100
42
17
97
14
60
82
11
27
9
20
50
45
50
95
37
50
68
64
81
1
41
2
71
37
50
93
63
42
39
8
41
67
47
88
64
95
41
16
68
12
70
100
45
38
95
92
71
25
31
77
62
19
34
66
44
71
85
55
55
86
68
63
95
78
40
60
45
5
18
67
53
30
77
78
53
8
55
70
4
40
11
0
89
57
61
99
66
31
71
84
70
68
9
99
52
9
80
63
1
0
57
24
93
61
31
9
63
77
56
1
23
80
34
67
77
59
70
83
68
100
23
55
22
60
22
56
31
64
28
60
15
52
84
85
22
7
47
30
10
14
71
49
39
5
7
15
21
20
74
83
40
73
54
32
41
27
57
76
10
3
37
83
8
63
36
43
56
31
21
71
63
64
33
54
68
43
4
93
57
2
74
58
36
88
52
46
60
22
53
5
57
59
21
39
65
84
3
100
74
5
25
7
14
54
48
23
98
91
52
37
64
93
54
64
83
79
60
3
47
66
15
67
56
29
23
26
81
100
85
99
37
18
86
23
69
7
36
37
81
72
99
89
87
20
72
42
80
74
46
27
28
3
14
45
21
18
2
0
76
35
72
29
25
58
30
27
61
15
66
15
0
32
27
55
63
69
9
20
16
74
58
18
41
84
30
93
78
27
9
66
22
24
17
73
39
70
33
11
73
100
42
74
15
10
40
52
46
86
2
56
94
15
19
23
17
82
11
16
93
92
81
22
38
2
72
81
82
60
63
38
36
41
15
6
53
67
18
84
86
98
89
60
88
3
48
45
32
9
92
82
52
19
79
52
28
61
71
96
10
82
88
67
73
46
69
82
0
16
98
8
40
7
37
76
39
90
16
48
41
34
74
67
73
58
33
26
72
44
61
72
45
5
10
3
12
34
38
14
59
14
75
55
16
42
78
36
70
0
9
15
84
51
30
14
82
64
96
48
91
96
96
89
1
32
39
28
37
95
84
62
18
22
2
53
25
1
53
4
50
73
42
90
44
77
40
56
60
69
65
88
90
19
82
19
11
27
97
58
47
71
39
29
79
99
10
83
6
11
40
6
57
71
10
39
86
43
99
75
98
61
8
90
22
71
8
16
21
45
65
98
55
3
95
30
44
82
54
70
76
18
38
73
63
8
96
97
26
26
20
21
42
28
71
57
51
52
94
33
87
87
58
58
33
8
91
12
30
70
65
46
12
77
65
46
40
30
94
78
58
15
13
34
91
5
87
42
32
51
33
94
16
7
97
7
99
57
43
37
91
89
76
12
8
72
46
9
71
74
2
92
91
67
50
78
62
28
82
24
92
9
27
30
16
26
19
92
81
98
74
61
83
82
70
72
71
7
68
97
54
73
73
60
86
85
27
30
6
45
78
85
31
89
40
93
63
27
96
24
62
66
71
11
39
81
16
47
0
63
27
25
29
59
96
46
55
52
89
33
24
63
29
83
4
65
58
41
72
14
57
57
90
20
79
24
98
31
18
21
16
97
36
89
10
79
62
11
67
27
56
5
93
55
11
56
28
51
9
98
60
86
59
40
32
65
54
86
23
62
71
59
73
89
45
46
7
40
66
86
54
34
55
78
52
44
57
57
42
5
47
99
100
16
29
76
13
83
78
63
66
43
39
84
93
27
42
9
30
99
99
17
73
16
78
40
0
23
12
98
42
20
21
19
81
96
85
12
28
72
36
4
37
17
38
88
40
58
1
46
5
51
7
58
33
97
35
84
60
65
99
15
89
69
61
54
75
100
72
1
59
56
52
16
16
22
93
23
98
67
46
67
44
74
8
74
63
42
54
69
89
8
66
7
10
88
91
64
94
20
76
97
24
42
37
0
35
59
65
46
37
60
89
88
97
54
74
44
97
45
71
53
86
98
17
80
77
5
63
23
47
11
74
80
51
50
15
97
9
3
38
75
91
57
78
47
75
24
47
36
84
11
82
39
95
36
83
71
77
55
82
68
100
89
63
100
69
84
55
12
58
58
57
40
4
76
55
92
41
23
82
44
100
95
68
10
49
47
7
1
28
97
51
51
90
4
0
53
10
98
86
91
7
17
33
85
40
56
76
65
26
32
65
18
20
20
58
9
6
40
78
70
78
52
11
69
14
44
17
64
38
78
43
36
55
78
48
62
34
95
59
12
33
46
0
49
71
95
76
77
14
58
0
65
69
22
35
61
54
39
71
76
77
59
39
37
61
23
85
81
91
31
89
18
71
29
35
92
73
31
89
70
76
10
52
84
51
6
19
21
4
53
91
28
14
80
4
25
59
28
62
60
8
90
71
63
10
41
59
90
61
69
4
13
77
61
10
9
100
69
46
10
62
48
77
75
43
20
50
44
49
52
36
36
80
18
91
15
50
41
26
77
8
28
10
32
44
67
7
35
55
30
42
56
24
71
30
29
99
42
11
20
76
73
91
60
6
72
66
31
95
73
41
47
26
93
16
20
21
100
81
5
98
14
63
14
25
73
46
43
39
53
84
5
27
0
37
3
2
83
24
71
11
84
15
25
82
0
18
17
43
64
33
19
31
39
72
38
50
3
54
21
10
90
79
63
18
16
21
15
63
10
92
41
25
72
75
66
42
47
28
0
47
82
2
86
77
34
65
42
96
5
39
89
29
50
35
92
45
59
17
70
29
68
59
78
93
27
95
5
66
64
12
50
41
45
82
76
80
48
61
34
68
4
7
89
57
14
59
61
27
77
91
74
88
82
23
69
60
58
54
39
57
51
3
72
90
87
75
91
52
83
86
6
55
91
69
44
28
7
92
91
94
15
28
76
27
57
27
83
100
52
80
93
75
24
10
1
40
11
48
69
0
78
81
33
87
74
73
53
66
14
82
7
74
78
61
50
14
31
72
34
31
36
57
93
57
66
12
18
13
54
40
73
60
97
41
72
9
44
43
30
67
100
24
64
74
19
46
98
33
20
22
81
99
11
54
95
80
75
53
8
87
12
94
89
52
44
55
9
72
16
15
42
79
78
100
99
71
92
96
2
45
15
12
85
73
22
65
46
91
94
28
36
78
84
73
45
1
68
15
85
12
27
36
80
62
67
68
14
21
80
83
72
42
25
62
37
80
10
6
33
37
41
68
28
73
84
81
82
1
43
34
93
32
74
35
29
73
45
51
99
42
58
28
60
8
91
36
7
10
23
69
33
8
37
99
28
30
7
50
50
44
43
42
42
21
99
97
4
46
10
11
61
26
89
59
96
81
30
72
23
3
95
20
13
28
87
31
15
48
83
63
78
26
49
68
21
45
78
34
96
34
56
53
73
88
96
7
26
44
0
8
31
46
58
83
3
15
22
78
61
83
75
79
68
85
70
90
31
27
35
43
44
90
29
30
96
54
86
100
18
14
73
30
98
38
94
92
65
19
49
8
70
86
19
19
43
71
80
60
83
90
40
30
19
89
44
14
90
50
87
62
83
94
5
32
46
92
6
4
13
18
62
29
68
80
18
98
93
68
14
88
76
73
78
11
51
7
100
100
84
21
63
79
16
39
16
84
18
27
91
5
9
82
96
91
2
80
66
31
79
25
76
23
91
83
43
18
37
17
35
63
89
95
8
35
56
11
44
49
4
90
82
64
89
99
79
47
69
70
28
30
41
64
56
38
14
12
44
60
20
9
92
65
91
50
73
90
3
85
89
95
94
15
63
80
27
30
78
36
85
90
89
89
16
85
12
81
56
69
48
16
1
84
67
64
54
51
1
18
14
14
70
84
46
90
79
15
10
36
16
100
24
93
31
82
84
42
13
83
97
31
45
37
68
89
49
78
68
3
10
55
5
36
57
71
9
91
38
98
37
41
97
3
62
24
77
52
23
27
46
83
46
11
43
81
0
89
9
62
16
59
1
16
95
50
67
75
27
84
25
76
31
87
18
45
91
32
80
16
85
70
86
61
33
82
8
70
57
44
1
58
93
68
61
49
35
7
42
34
20
31
47
2
32
82
87
23
7
96
10
83
100
39
27
82
20
94
53
42
62
36
