500
1
78
19
98
43
20
47
52
87
6
91
28
71
89
14
45
58
67
94
43
77
73
45
27
60
86
76
47
17
22
79
46
75
9
96
6
94
66
79
69
59
91
20
64
4
87
59
64
0
99
65
12
61
21
54
29
7
63
98
91
39
82
58
54
3
72
48
88
13
99
19
98
17
42
27
62
81
78
9
15
88
47
39
44
65
60
34
73
43
68
74
28
52
24
12
22
84
99
63
65
34
6
34
22
82
27
58
61
36
59
97
12
42
5
37
34
69
56
92
23
72
10
72
10
88
64
94
24
78
1
16
66
56
3
37
19
68
84
42
74
64
14
37
59
84
16
66
34
27
17
64
19
40
31
89
4
20
40
78
76
29
32
14
2
6
22
49
54
89
95
73
84
86
23
57
25
95
92
83
12
77
3
16
45
17
93
24
11
37
89
85
41
22
23
40
70
85
20
19
55
4
60
11
6
29
42
8
3
14
12
50
6
80
37
36
83
99
33
89
43
46
56
5
42
98
91
18
61
99
51
23
70
64
68
74
56
13
26
7
61
14
75
90
6
73
32
65
32
40
59
91
74
16
87
4
36
75
91
41
93
13
19
68
35
34
36
43
54
40
61
71
29
87
74
29
33
20
94
25
79
38
30
90
87
77
30
83
75
33
41
96
2
86
33
18
63
77
84
85
60
36
50
14
23
68
13
76
99
55
2
29
35
74
46
14
17
66
26
15
100
97
9
9
56
22
53
96
80
32
2
60
73
43
1
32
54
19
12
85
44
99
44
62
65
97
18
41
17
52
8
32
48
56
66
58
6
97
5
89
98
20
74
24
35
24
39
57
37
23
22
74
11
32
66
45
68
53
55
68
32
69
3
16
60
18
36
39
54
68
67
87
25
20
61
1
53
61
31
20
71
98
76
10
88
37
55
76
57
28
93
7
66
56
33
73
89
24
47
18
78
76
26
84
75
84
70
96
63
4
84
92
66
56
96
3
39
57
1
64
42
57
14
24
26
9
99
96
28
90
59
1
44
58
67
58
99
58
19
81
97
62
93
74
65
11
21
79
78
25
30
26
55
82
14
13
52
90
22
88
50
100
41
82
79
64
85
83
15
27
45
37
29
44
69
34
98
77
19
45
81
49
