5000
1
86
20
87
36
86
30
98
66
45
97
57
20
38
48
50
36
69
52
45
34
49
31
24
82
64
75
49
21
93
85
100
83
50
41
38
64
98
46
42
55
70
34
44
38
95
60
29
68
17
13
48
59
28
96
78
55
60
85
53
86
45
99
58
90
40
22
96
49
88
47
21
69
63
60
72
32
71
63
100
58
72
70
28
78
66
84
77
8
83
27
98
8
100
100
4
8
52
9
4
73
66
7
25
65
89
63
89
50
18
6
74
89
83
22
46
15
61
46
40
97
20
84
2
90
22
71
77
44
59
81
94
66
48
81
18
41
20
84
81
48
41
9
92
24
89
76
25
98
78
77
71
53
92
39
38
21
71
10
64
73
90
52
90
96
24
30
30
92
21
24
62
30
75
51
98
48
39
22
21
27
52
70
29
66
25
65
26
81
39
7
75
77
1
64
56
48
24
17
64
1
9
82
12
89
18
94
52
96
17
15
54
57
25
15
39
29
85
97
79
95
65
38
4
93
81
35
22
74
31
51
4
67
24
34
57
74
75
91
65
28
91
100
67
45
16
86
75
71
31
66
11
41
56
65
50
76
32
74
15
84
74
83
90
72
2
26
83
78
96
6
68
96
65
43
42
76
80
33
17
22
89
36
55
20
19
2
56
17
85
76
5
58
75
20
1
23
82
90
62
2
1
88
4
2
57
40
26
97
52
86
5
56
85
23
70
64
33
0
74
93
88
95
52
26
86
11
93
24
87
38
97
18
27
51
69
93
47
51
96
97
95
28
4
91
12
11
16
21
46
26
82
35
67
51
82
29
85
100
63
45
52
78
29
35
34
62
19
4
33
47
4
80
33
32
30
32
48
52
15
99
2
54
18
5
49
85
16
55
32
82
90
30
37
0
30
8
43
84
42
54
37
46
35
34
97
75
19
65
93
67
13
6
97
29
54
53
49
69
43
32
53
47
65
11
4
84
14
92
75
46
26
91
13
38
24
77
10
41
59
37
73
27
16
63
97
22
48
56
26
80
68
96
2
46
82
18
16
78
97
1
16
83
70
37
57
30
85
13
23
42
17
99
10
83
63
55
74
0
26
72
70
21
18
10
94
8
9
78
48
30
89
14
57
31
17
44
68
71
15
31
68
9
67
12
60
72
3
38
2
15
44
49
48
81
72
88
82
93
30
86
44
85
38
8
64
15
15
44
79
28
30
75
58
96
83
35
24
34
53
45
83
7
15
81
6
3
5
68
5
75
34
22
74
71
0
75
1
85
6
60
10
12
26
31
29
22
34
64
67
54
5
8
69
83
60
56
25
87
5
50
89
3
27
67
37
61
69
33
87
49
47
83
67
74
94
96
93
92
100
83
3
87
62
81
7
71
89
16
38
23
34
55
26
14
8
33
55
57
35
23
15
52
60
98
4
52
59
58
12
88
76
37
56
21
77
10
52
77
44
30
62
97
69
9
54
42
61
96
40
14
59
99
69
31
72
38
44
95
100
5
81
41
45
22
53
46
89
37
84
64
18
84
65
56
44
74
83
18
100
11
35
22
14
24
96
67
70
31
83
17
18
96
71
63
55
13
12
15
37
22
60
69
87
77
100
2
15
9
82
54
24
95
37
68
96
8
41
94
53
98
17
68
24
94
28
27
5
56
86
62
84
26
34
19
11
97
21
28
80
35
30
71
73
94
60
31
33
81
99
22
0
10
42
57
63
3
97
25
92
34
23
4
96
29
26
45
72
14
90
51
15
90
10
8
52
60
70
97
19
33
93
63
84
80
81
81
5
93
18
8
21
10
72
4
100
56
27
47
69
91
67
73
49
28
57
48
64
68
96
28
51
63
87
76
76
70
66
30
66
8
4
56
31
84
22
59
21
72
0
73
38
29
76
78
3
67
1
42
99
32
89
72
88
52
29
76
0
85
76
45
43
76
53
62
32
2
44
5
19
8
27
2
31
31
11
30
87
3
19
38
29
76
62
40
16
43
47
96
100
81
61
27
10
40
9
81
21
19
48
85
91
29
56
42
38
76
96
3
59
74
83
33
23
39
96
89
54
86
95
38
38
43
3
72
23
48
11
8
22
78
53
75
87
49
59
97
66
93
44
5
20
48
39
72
50
31
98
18
24
26
76
1
33
64
8
39
29
31
54
61
18
18
8
83
70
98
64
26
54
9
20
77
73
97
5
22
11
42
58
52
6
60
67
61
48
23
47
5
32
8
52
46
10
85
25
22
100
8
64
67
30
86
16
69
27
29
11
92
42
98
29
20
54
58
70
39
68
13
13
30
87
53
27
84
10
26
43
54
96
5
49
17
37
92
15
43
98
47
0
63
92
23
45
21
40
36
10
46
20
8
100
96
15
75
47
83
16
81
50
79
89
91
59
2
52
17
42
86
4
14
97
64
61
48
43
6
62
83
65
66
73
30
96
84
69
86
76
46
54
65
74
23
33
12
50
38
86
8
98
31
3
95
21
92
62
85
92
96
87
43
4
42
54
50
30
96
36
35
50
33
99
41
33
24
87
92
81
100
80
84
7
69
11
65
29
77
58
73
23
89
40
30
85
24
14
75
34
46
53
13
11
97
90
72
86
19
9
48
22
6
45
3
1
100
99
3
43
13
38
83
99
70
39
91
21
66
69
6
65
41
38
19
53
52
88
9
94
78
50
59
18
74
43
72
56
59
35
56
9
25
41
38
41
38
50
28
86
89
65
89
31
85
45
73
30
4
50
65
4
33
67
43
78
32
64
59
62
59
0
2
46
2
29
93
93
84
36
28
70
12
52
15
86
88
18
2
84
89
77
71
89
54
30
93
88
25
94
90
2
91
33
71
89
64
100
73
99
77
0
35
32
80
73
44
74
90
24
31
48
58
59
56
36
62
54
41
32
53
35
94
39
73
42
95
44
8
85
75
43
64
54
15
55
63
53
72
85
17
2
83
62
13
17
79
38
94
84
64
24
41
29
90
66
33
3
49
62
1
50
88
53
73
0
94
51
4
68
89
82
96
15
10
61
78
100
79
86
74
83
17
20
34
53
86
4
98
56
33
38
55
6
26
74
53
62
16
38
1
26
97
31
13
50
95
6
91
45
64
79
86
17
19
62
33
75
33
61
6
77
39
89
33
22
19
4
83
96
11
57
75
21
84
9
16
47
36
77
96
37
52
100
83
30
31
85
71
59
98
6
25
52
99
63
93
73
21
65
26
67
79
57
24
11
51
66
30
81
3
79
97
57
23
77
22
65
67
54
44
17
32
89
2
80
70
59
88
59
85
44
80
76
8
56
38
16
50
59
97
69
80
55
63
91
87
45
90
56
39
51
70
41
64
89
66
8
97
12
53
90
11
0
9
48
42
5
8
77
98
21
7
56
45
63
91
37
17
21
49
62
46
63
16
21
29
75
6
60
25
80
36
25
28
33
51
42
48
34
21
87
81
54
81
41
81
10
90
31
92
3
86
67
55
58
95
71
66
95
78
82
26
9
99
45
35
14
66
28
43
21
72
44
72
34
55
25
79
88
57
17
96
25
50
29
17
65
23
35
61
84
46
54
85
78
41
9
70
78
72
17
3
17
2
71
60
17
96
27
26
29
90
90
33
94
90
66
15
48
10
66
88
76
39
20
10
50
68
30
53
27
17
80
83
70
23
43
26
49
34
74
43
36
83
3
58
4
45
98
21
61
60
85
89
34
93
99
64
35
4
12
41
91
52
69
37
51
27
58
71
25
12
33
15
90
45
34
23
74
7
62
60
96
86
83
29
43
95
60
98
6
53
42
79
57
78
66
83
94
52
35
38
6
27
95
59
20
60
66
3
42
4
54
48
52
95
72
31
51
82
39
35
15
6
57
39
67
36
74
72
88
28
25
52
9
0
68
94
17
72
15
59
10
15
82
50
74
49
32
72
76
84
55
55
87
75
22
66
50
67
68
54
29
94
10
62
13
97
84
4
4
23
33
87
15
36
94
17
4
0
94
9
31
45
20
20
87
68
99
93
2
62
30
82
93
21
39
67
34
45
56
74
15
1
52
43
70
57
77
81
8
85
78
58
62
32
91
47
15
48
0
51
71
49
85
74
14
64
38
19
76
60
43
86
66
68
65
33
22
76
40
43
62
64
68
66
78
37
91
41
32
2
38
42
65
14
71
35
91
88
43
27
12
34
41
90
11
15
33
38
5
89
38
75
46
5
74
74
85
65
5
4
98
85
96
100
91
12
3
23
80
14
70
0
82
5
98
66
40
76
39
96
80
98
59
38
76
38
7
63
54
51
15
93
71
5
55
35
34
30
78
46
0
78
65
68
40
91
2
64
17
35
7
12
42
64
45
72
2
83
32
62
7
13
84
64
53
58
78
69
15
21
70
54
96
70
92
21
20
10
41
83
43
81
27
86
71
32
0
18
94
53
73
16
85
29
45
80
77
35
85
1
20
55
2
7
99
78
96
91
5
87
100
42
56
11
96
70
14
94
29
61
42
47
67
94
72
27
54
86
48
6
73
30
78
80
46
88
92
100
82
15
56
44
43
46
34
76
83
65
58
89
89
24
97
7
13
33
61
84
75
98
44
13
82
45
14
31
23
100
60
69
27
60
41
89
70
41
0
24
34
42
92
84
12
21
43
2
18
70
54
42
79
2
19
32
10
86
19
3
54
20
18
51
23
92
14
52
64
17
12
73
41
69
85
71
20
32
34
97
48
100
11
81
53
91
27
30
60
60
4
55
94
71
84
98
96
82
33
90
73
83
69
81
2
44
55
51
46
85
78
52
44
64
39
39
6
84
52
0
8
7
33
13
99
68
17
50
52
40
95
66
79
38
32
80
54
95
75
61
36
60
31
11
67
38
32
85
59
70
60
3
77
49
29
24
47
57
20
34
45
9
26
28
6
93
21
13
65
60
5
44
1
59
9
47
98
24
97
17
90
22
76
73
52
31
30
30
60
17
26
92
22
1
91
80
81
18
86
88
61
32
29
58
56
10
19
20
86
18
40
67
55
21
3
9
89
41
75
63
99
36
54
36
3
69
34
85
6
19
38
22
0
68
43
19
89
89
75
86
54
58
83
80
93
59
10
75
2
81
69
15
32
5
97
8
64
2
44
71
91
0
78
54
78
81
3
39
73
75
12
62
17
65
63
63
84
46
79
96
74
11
100
75
54
94
5
51
41
36
92
51
100
13
51
10
84
82
7
50
64
14
39
94
50
25
49
19
62
32
34
70
87
2
57
4
16
10
56
12
0
59
59
7
73
66
90
47
82
44
19
91
73
12
62
75
60
2
27
3
68
5
100
28
27
4
67
40
19
72
89
57
92
59
34
62
71
5
96
92
99
33
44
55
62
83
42
62
48
96
50
52
17
51
96
18
77
92
55
5
40
85
85
61
84
90
80
99
22
51
39
6
9
59
50
24
60
71
98
67
72
6
40
32
50
42
56
8
39
48
39
18
98
32
91
60
68
12
16
39
87
100
96
50
76
23
4
79
90
47
19
19
100
66
30
4
36
46
83
79
7
3
54
49
5
58
24
26
47
71
84
64
81
26
65
46
27
43
65
82
50
6
41
48
17
42
97
15
84
43
10
70
38
16
31
80
87
12
50
30
1
7
22
65
57
50
0
82
78
53
91
59
9
4
19
100
22
80
70
16
51
73
92
36
90
78
5
1
43
37
31
35
63
56
17
22
95
31
86
43
16
98
0
85
29
91
21
87
96
70
75
67
64
34
40
28
25
4
41
52
97
7
98
47
66
91
47
52
25
33
25
16
45
61
50
84
36
0
38
92
91
31
79
69
72
89
38
76
61
87
66
20
90
21
10
70
79
39
77
53
44
27
59
57
29
88
79
39
71
53
36
38
59
49
10
53
28
62
10
0
92
87
80
39
75
26
67
25
98
87
4
61
52
51
19
18
68
98
91
81
58
100
58
23
78
9
7
17
73
43
92
96
100
77
63
75
48
50
73
89
6
88
19
16
22
66
31
43
26
27
13
89
3
94
54
17
24
26
27
11
50
30
24
75
99
86
5
52
6
78
76
57
94
45
56
27
85
1
99
12
88
27
79
30
44
16
3
33
72
23
39
19
56
20
97
99
95
57
4
83
22
0
59
29
59
42
3
67
3
14
1
97
62
81
75
0
35
43
54
84
14
82
12
23
60
10
18
95
44
91
96
35
96
93
87
55
8
100
78
28
9
78
23
80
73
85
98
12
78
89
28
39
72
99
76
51
96
40
64
78
1
75
85
50
39
50
31
31
61
89
83
6
35
23
38
72
96
59
46
17
27
5
21
36
76
73
41
75
98
3
58
37
10
73
31
88
73
45
59
71
26
21
36
99
56
89
81
14
93
53
17
100
29
72
87
2
9
73
81
91
9
52
22
92
95
88
29
69
79
24
81
96
0
55
81
48
87
74
82
99
58
73
92
89
87
46
58
18
12
10
14
71
31
40
72
82
28
46
64
15
33
31
66
23
11
92
37
17
89
67
78
18
57
38
67
100
6
99
30
92
97
95
28
96
53
78
38
0
41
50
94
70
51
16
56
49
77
49
84
22
46
57
85
58
0
11
22
75
11
54
86
14
49
57
54
96
90
20
14
19
46
61
50
41
75
34
23
50
58
66
82
33
79
85
21
64
34
85
82
8
22
55
6
25
49
47
23
74
8
10
80
46
12
30
15
18
60
9
43
37
59
16
65
61
79
99
85
55
85
12
46
75
98
31
79
32
54
81
34
86
46
87
24
15
28
16
14
63
35
95
42
100
41
13
81
44
76
64
43
34
28
15
92
1
55
28
72
93
21
12
0
81
35
98
15
91
58
59
63
75
28
63
99
95
31
15
17
39
24
23
69
30
41
12
26
98
96
27
84
90
95
10
69
60
27
10
58
84
66
4
13
39
39
54
33
60
35
51
68
36
32
45
65
47
43
10
93
95
17
66
31
58
64
98
68
74
15
6
10
69
88
46
65
41
71
79
92
29
72
58
45
69
26
63
8
56
80
4
24
0
76
4
56
76
60
7
56
14
67
14
92
78
20
38
19
29
24
98
19
81
86
1
46
10
76
80
48
51
91
70
74
92
16
14
78
58
21
66
18
52
51
94
96
36
95
96
72
35
80
80
55
74
12
72
29
68
79
77
78
34
6
92
48
11
52
39
80
77
73
27
77
57
27
74
99
26
38
62
70
18
70
79
16
21
52
77
69
2
7
37
1
87
15
75
27
40
53
15
16
10
79
34
14
71
86
7
62
45
34
97
68
91
69
56
71
54
23
68
53
85
27
10
66
98
76
26
98
54
94
59
12
12
89
3
41
83
15
12
21
88
74
45
47
14
10
100
15
58
40
55
81
63
0
15
40
58
84
56
54
75
60
58
77
90
57
8
58
17
80
31
23
75
73
61
49
32
42
21
25
24
53
6
95
69
53
69
35
44
100
73
94
24
9
6
59
83
91
15
96
97
14
92
55
16
82
62
4
93
15
57
100
25
16
52
14
26
87
8
30
38
10
77
24
44
50
49
31
38
89
89
40
19
88
36
63
71
22
61
76
36
55
5
35
44
100
35
69
19
58
97
42
82
93
84
0
99
75
26
16
19
41
80
3
93
67
33
57
58
56
28
83
29
20
93
46
89
41
25
46
56
31
84
64
35
4
59
17
72
80
3
9
94
4
14
87
12
36
78
13
9
88
12
46
100
28
86
38
95
86
82
96
4
13
94
6
78
11
22
29
12
10
92
49
10
58
91
59
29
99
68
38
94
62
42
24
15
79
31
77
54
40
73
20
22
47
40
19
29
25
16
74
88
19
86
100
77
28
24
34
59
72
73
65
4
16
23
39
76
29
16
2
83
3
85
50
61
31
42
56
84
39
62
97
51
42
53
83
68
74
23
41
6
92
62
49
92
16
34
74
37
50
41
56
86
40
37
14
0
7
98
80
21
55
25
39
44
78
14
83
17
60
48
74
83
85
85
57
65
80
83
66
82
61
23
44
27
57
58
23
58
44
96
29
81
70
95
97
56
38
44
78
58
42
52
71
50
11
94
90
94
97
75
30
51
23
63
85
60
52
11
97
1
69
15
74
52
80
8
29
5
76
7
58
91
39
98
55
90
25
97
17
34
34
70
24
95
99
39
90
50
2
100
59
65
57
28
23
27
84
28
22
76
8
88
22
78
75
10
64
62
95
21
91
50
7
43
88
79
80
76
84
63
78
45
22
46
96
36
12
74
78
13
10
83
59
27
7
19
38
63
36
91
5
87
22
89
99
10
4
44
31
40
100
77
3
61
45
87
56
20
20
84
64
7
7
29
88
35
35
27
65
91
53
92
63
17
4
39
32
67
44
32
3
42
76
31
33
68
60
52
62
25
30
75
73
76
13
10
91
82
4
24
26
88
68
31
9
83
36
25
39
15
15
83
64
21
37
43
94
87
7
94
44
38
68
80
89
32
36
31
80
79
41
99
78
46
75
82
48
1
85
8
39
6
55
74
78
25
11
60
95
16
50
2
80
8
74
60
16
13
19
87
43
78
64
70
11
27
59
59
56
48
78
6
72
84
95
96
90
31
88
79
94
80
77
16
57
9
81
67
54
67
44
27
17
67
0
30
90
36
68
22
13
47
46
71
97
95
21
57
69
38
62
57
55
14
25
38
39
16
32
8
66
7
19
91
44
24
70
40
60
99
71
11
90
48
72
10
63
40
52
68
75
56
31
11
72
91
25
60
54
13
20
67
92
85
56
97
26
34
69
70
73
9
87
37
91
31
89
44
31
35
11
27
82
100
55
63
10
5
5
37
50
97
12
58
19
79
61
62
30
88
26
65
30
31
30
32
78
22
91
96
89
7
17
85
48
11
85
56
97
16
64
41
99
55
59
22
96
53
12
52
74
3
61
48
50
6
56
3
44
85
27
62
55
48
90
35
48
0
89
96
13
49
21
26
79
18
15
82
80
76
18
83
76
6
99
44
36
71
83
46
62
47
62
34
64
2
23
75
26
24
52
1
67
65
9
3
68
26
89
33
66
68
70
16
33
15
19
91
51
97
61
26
71
51
1
89
21
18
68
47
47
48
42
66
27
41
35
63
11
81
25
39
84
97
44
27
94
87
75
66
9
80
71
36
78
2
95
40
37
44
88
57
35
79
39
95
11
71
87
65
85
16
38
59
34
94
5
52
67
4
83
6
18
91
33
83
51
99
100
67
69
42
8
2
43
24
25
44
59
45
76
97
83
71
19
90
65
71
52
23
6
40
21
34
24
74
82
51
1
38
76
42
80
76
31
73
100
48
66
44
69
96
7
36
86
23
77
46
84
71
89
0
32
71
6
14
11
39
56
75
85
41
0
86
16
26
41
17
21
78
51
77
62
30
21
2
87
60
44
81
55
28
37
2
65
28
57
0
83
78
78
20
50
13
32
78
9
0
62
14
17
50
92
49
73
58
59
93
32
12
19
59
38
59
94
0
51
9
54
99
87
100
37
54
41
84
38
58
87
100
10
23
35
7
51
60
96
61
51
46
38
98
55
84
63
51
86
45
24
17
15
92
73
22
79
91
77
11
76
47
10
66
43
44
27
84
38
100
92
13
44
63
61
35
84
32
26
47
44
29
5
34
89
13
31
14
29
50
48
50
73
59
86
80
0
43
10
45
64
50
50
43
21
0
32
91
44
39
18
94
48
15
57
82
83
69
61
40
17
45
65
66
8
12
19
15
88
0
3
10
83
0
85
41
51
98
68
41
68
5
70
19
87
64
96
26
3
94
37
93
57
37
85
77
99
46
19
66
4
22
78
47
70
71
24
19
0
25
46
10
66
76
5
27
4
99
95
67
74
37
61
60
12
6
2
10
64
9
11
92
2
92
49
85
89
21
46
31
25
32
71
12
5
97
36
60
71
85
73
83
19
62
24
36
68
57
30
73
92
45
94
93
31
44
36
59
77
3
73
75
33
41
20
17
45
88
28
24
82
85
40
44
93
26
80
47
88
74
58
74
32
60
12
43
98
88
92
44
93
97
80
14
82
22
86
51
5
82
77
57
34
51
95
39
76
79
71
14
6
46
60
8
16
27
92
84
91
76
68
81
63
10
81
5
47
62
80
92
25
62
44
83
45
25
88
37
20
11
90
82
44
73
1
12
92
80
45
65
63
50
13
10
68
61
100
67
84
93
3
18
79
24
68
73
75
17
43
98
72
51
17
75
32
35
70
37
40
26
58
77
100
72
84
23
9
97
1
77
57
35
58
16
20
38
21
2
85
48
24
36
76
12
31
17
100
80
79
25
83
18
16
43
11
5
3
31
24
40
81
21
65
3
55
5
37
63
8
53
31
88
46
17
54
69
20
8
66
26
18
89
21
63
10
64
38
8
17
85
49
18
21
4
44
62
80
14
42
90
51
46
11
51
16
55
86
10
23
49
91
27
61
6
39
13
2
51
29
11
96
32
32
25
39
29
62
35
70
32
59
77
37
41
66
73
20
5
80
60
30
73
11
31
31
63
9
87
20
24
42
83
42
29
91
28
12
78
89
21
64
93
63
2
15
95
39
69
44
72
94
1
68
36
0
92
27
65
60
77
9
17
12
24
36
25
62
75
26
0
80
55
44
47
95
35
21
43
41
15
100
44
82
9
87
94
4
67
71
40
20
62
83
1
59
31
76
70
91
39
97
23
77
40
3
0
23
50
18
67
48
22
58
66
17
17
93
64
97
94
67
33
39
19
95
87
13
80
94
86
96
26
28
78
89
87
90
100
64
66
22
4
83
34
97
80
58
20
84
31
6
78
57
70
82
3
7
8
21
100
95
73
52
35
16
28
10
79
58
97
85
13
65
91
20
83
75
27
9
27
16
88
63
48
34
5
62
56
82
14
6
94
58
18
49
97
53
80
76
89
45
20
48
11
12
70
3
87
57
93
1
79
96
0
20
43
68
69
62
73
53
3
52
72
58
47
88
72
63
49
45
6
42
65
69
75
84
34
19
21
77
47
50
36
65
78
96
87
48
6
20
90
3
9
21
82
13
5
96
89
98
41
8
95
67
34
0
84
6
4
33
80
40
64
99
16
18
16
79
52
11
6
55
43
62
64
7
19
44
60
9
67
71
11
47
33
49
75
78
70
76
44
47
41
57
62
43
56
51
42
92
46
99
16
86
10
62
98
82
99
74
94
27
7
88
90
96
74
13
18
65
21
83
59
90
42
77
41
31
85
41
20
67
83
30
87
72
26
47
81
12
29
57
18
58
49
79
10
2
34
17
40
3
44
94
55
40
44
94
3
7
14
61
38
47
39
50
63
80
86
19
39
