5000
1
99
27
46
39
44
73
70
60
64
28
29
96
42
22
35
18
47
50
7
72
50
95
15
60
48
70
79
12
90
16
94
88
72
3
76
57
41
66
60
51
3
42
95
92
36
13
6
66
63
50
76
70
39
10
8
6
95
50
1
3
61
31
49
68
46
10
56
64
82
85
45
64
21
59
89
48
68
55
99
91
39
13
61
55
11
50
54
35
58
32
69
0
8
12
36
17
67
11
23
56
100
74
97
15
41
46
55
13
56
79
58
66
76
92
44
16
44
55
72
72
53
58
12
36
22
100
26
50
71
96
17
87
17
45
53
89
77
29
22
48
18
43
59
47
26
69
92
3
90
48
8
97
35
44
67
25
15
73
16
22
13
40
47
50
12
67
49
15
15
27
22
72
100
66
21
20
95
0
34
54
51
47
75
81
75
88
69
14
14
31
15
93
94
22
37
70
96
87
32
48
22
44
76
33
63
9
82
56
23
72
96
36
33
52
57
48
34
1
46
29
66
97
95
80
85
5
38
29
59
59
60
16
99
14
5
29
95
1
97
45
27
26
22
5
57
11
63
54
67
62
97
84
54
74
23
62
84
5
58
11
97
14
53
95
74
68
31
60
39
43
71
67
62
89
48
48
30
53
86
55
70
56
70
81
40
17
96
79
94
60
27
84
65
23
33
82
66
91
26
39
11
18
61
93
69
35
20
44
4
33
56
87
81
6
71
34
9
100
81
4
56
11
36
83
92
12
11
5
75
77
50
43
81
70
69
70
45
68
84
69
64
0
42
7
9
78
51
70
2
56
43
2
39
94
29
83
11
23
42
51
60
43
85
55
22
7
39
92
21
2
96
12
58
47
0
65
18
91
12
94
72
29
70
31
5
41
81
62
4
51
60
11
84
45
82
26
94
94
83
10
26
69
75
69
6
93
81
75
71
17
78
44
78
38
55
40
20
55
40
92
13
10
68
25
88
40
68
87
2
84
97
83
49
80
8
62
39
5
60
98
32
60
79
50
37
52
6
49
13
100
74
10
82
42
83
15
32
73
84
49
82
95
4
63
50
46
30
52
98
100
1
90
67
15
85
51
70
25
73
100
15
56
18
32
93
60
60
10
10
100
46
90
48
82
42
15
76
85
33
61
25
3
85
51
91
69
7
64
18
22
5
23
64
85
26
52
44
9
26
21
16
1
21
50
76
48
27
29
78
27
41
34
16
93
49
30
22
64
16
93
87
35
69
21
91
68
100
10
98
44
62
68
4
49
23
92
17
29
13
3
26
81
99
9
64
60
24
66
52
72
59
18
27
15
33
42
68
73
28
63
33
8
93
23
44
64
58
26
72
100
90
43
32
60
20
17
45
80
71
69
34
79
57
81
82
54
38
14
22
49
20
79
81
32
65
54
17
98
89
62
73
60
53
21
81
19
91
93
29
13
0
52
57
43
72
67
61
7
86
90
69
9
62
73
49
59
64
62
27
30
60
47
6
9
86
65
13
21
45
14
76
19
65
85
54
5
81
82
31
6
57
46
1
79
98
36
4
79
52
96
75
47
52
40
6
60
1
68
100
17
84
93
71
81
76
76
82
43
20
47
64
36
0
69
36
41
45
48
32
37
2
35
97
33
37
84
86
22
86
5
25
2
13
82
84
70
85
62
3
44
33
92
64
43
42
5
59
83
19
63
52
96
20
23
49
74
52
56
38
7
78
18
8
31
13
57
56
5
3
79
57
29
60
48
82
62
51
97
20
39
28
90
96
30
7
36
3
56
17
45
81
33
34
26
49
68
95
28
77
30
56
23
4
49
12
89
50
14
48
100
47
73
57
90
13
63
0
22
54
66
17
81
6
94
40
26
95
87
42
54
68
40
76
79
8
97
51
31
88
80
53
28
38
64
27
4
22
6
43
68
72
0
22
45
68
29
57
98
14
67
62
65
84
80
97
2
58
21
48
96
46
57
32
58
50
3
21
58
76
22
74
88
23
77
15
24
50
69
29
10
8
25
40
39
39
67
47
20
93
84
0
27
10
70
92
38
1
18
81
81
19
44
5
82
79
36
76
27
0
46
81
30
12
54
28
73
30
51
59
90
33
81
51
86
87
78
20
37
28
21
10
88
49
83
47
13
90
90
44
57
82
49
94
81
46
86
43
41
40
29
89
97
77
32
65
79
16
78
72
90
86
54
71
88
78
3
78
81
71
95
86
64
90
62
24
37
13
18
91
59
20
48
31
46
87
64
33
27
3
11
84
34
90
85
85
59
35
91
77
11
90
82
49
95
92
47
86
61
81
90
14
61
28
69
45
99
88
84
36
32
37
8
76
45
61
72
1
11
96
24
74
92
87
70
97
26
83
75
40
99
97
29
24
27
99
88
88
0
38
14
80
15
48
76
89
71
92
53
9
30
99
41
40
17
84
64
61
52
55
60
73
32
33
98
72
59
4
16
27
39
43
39
76
6
15
94
58
61
31
34
7
5
85
100
98
62
36
90
36
52
92
92
19
42
10
26
4
32
75
60
76
33
78
93
73
94
73
28
68
85
82
1
57
29
82
2
32
45
87
66
29
50
8
42
23
89
78
73
31
35
50
55
35
24
34
67
3
72
47
26
0
35
34
74
45
38
64
58
72
17
99
36
52
94
34
74
35
23
28
77
73
22
58
81
95
93
31
95
58
88
83
92
68
92
46
73
97
41
70
58
19
39
86
0
30
67
71
54
92
34
75
44
47
55
28
20
35
30
35
77
76
99
75
51
40
26
62
51
54
71
32
72
73
20
89
99
34
32
4
65
75
12
41
0
25
53
66
23
77
80
8
91
68
73
23
35
69
13
78
94
27
65
54
78
27
3
66
51
66
75
7
71
70
40
72
92
82
89
94
49
93
74
68
91
89
95
50
20
81
85
66
79
77
82
62
4
19
80
52
77
47
43
9
75
92
26
40
57
68
11
89
78
45
98
22
29
35
73
38
40
17
31
18
0
12
27
9
75
62
18
50
18
2
38
84
35
38
19
93
69
27
83
79
76
46
46
90
99
19
56
99
63
31
41
31
37
9
92
12
22
4
48
94
71
13
98
91
74
51
27
12
75
45
30
1
0
46
88
20
9
7
30
35
25
39
87
32
53
70
39
62
39
41
43
96
56
61
38
94
91
75
32
100
96
75
78
27
14
93
41
31
16
16
75
59
100
94
25
89
64
99
95
90
22
1
37
59
78
53
45
94
76
97
81
26
80
35
88
95
9
10
14
54
78
11
20
9
7
43
16
77
20
58
23
83
66
41
9
71
99
91
23
61
1
88
85
23
88
26
17
28
95
50
43
92
9
14
84
88
6
53
64
19
2
3
94
23
18
30
42
61
79
44
51
75
28
92
29
61
55
57
17
29
83
55
44
84
60
94
74
18
27
26
23
8
74
95
97
45
0
61
56
74
53
39
27
10
26
6
76
34
51
85
50
99
47
3
44
65
36
26
20
81
22
94
51
39
64
49
29
21
66
27
15
67
8
73
65
67
73
100
34
78
59
54
43
77
81
33
64
47
91
95
87
51
98
92
40
84
70
84
17
39
43
100
47
76
7
89
86
57
64
69
45
22
51
95
8
3
58
59
35
39
16
78
85
30
23
78
91
9
54
52
77
65
43
79
10
84
68
40
67
69
21
15
84
14
3
15
46
76
77
77
40
13
36
0
32
27
88
60
81
13
93
97
69
24
34
30
32
91
59
72
97
13
73
72
86
14
4
6
66
3
46
72
0
99
14
8
78
27
61
27
2
72
11
47
0
80
70
69
14
41
11
21
44
93
27
16
31
88
76
36
62
50
29
65
67
73
75
77
52
43
66
13
64
95
52
27
13
13
58
57
64
95
61
22
0
36
96
69
47
54
58
35
6
55
42
51
5
30
24
66
32
62
59
81
58
58
57
76
38
66
43
26
56
52
7
57
29
6
94
90
55
19
64
2
60
68
86
90
12
81
87
51
87
42
95
79
35
58
68
32
90
83
86
6
51
9
96
23
87
100
74
32
35
69
59
6
29
100
17
81
5
32
82
54
25
32
39
19
62
31
6
33
91
97
78
19
4
68
35
56
42
47
2
30
57
19
47
38
73
41
6
5
88
33
100
18
13
57
67
72
42
75
70
30
70
21
62
85
71
98
50
61
15
59
7
5
13
67
2
73
54
20
78
34
88
39
98
99
62
12
2
98
33
63
9
8
0
16
11
2
33
1
68
27
27
48
52
78
19
35
79
36
60
14
89
71
52
61
79
34
33
50
41
54
57
99
19
10
31
70
53
0
22
6
27
47
31
67
17
3
23
75
34
1
42
51
0
21
58
53
35
76
8
20
24
38
12
55
3
37
35
60
41
79
20
19
66
38
1
39
78
59
32
43
99
17
75
95
35
30
79
81
30
36
93
80
69
3
20
6
11
23
77
12
17
75
44
20
35
86
89
22
20
31
57
8
12
43
56
59
89
60
39
76
63
67
66
84
72
21
40
41
47
78
18
31
58
70
76
82
89
72
92
21
70
29
95
82
90
10
36
95
40
86
5
62
84
40
26
88
51
48
23
29
92
40
99
19
21
15
34
2
52
78
87
78
31
25
88
87
14
52
47
20
99
25
15
15
18
9
84
59
71
52
63
62
34
89
18
29
79
34
76
74
92
98
76
21
12
38
12
29
16
44
94
51
83
11
76
67
29
20
82
70
43
28
60
44
33
95
4
9
82
56
13
12
56
69
24
68
74
52
73
76
16
98
85
4
54
47
46
39
50
17
64
32
18
62
36
21
73
50
43
57
28
63
16
73
80
14
68
68
12
92
24
65
44
75
11
48
53
57
66
75
52
98
26
19
98
97
57
49
62
62
55
24
71
1
26
12
34
52
78
53
72
36
57
26
43
65
66
30
23
97
3
96
25
89
15
25
90
9
47
41
7
82
46
19
29
83
63
86
71
83
55
87
41
75
58
86
11
17
89
71
54
70
8
66
88
75
65
31
91
63
31
100
90
9
28
49
82
98
96
96
61
64
90
55
82
85
33
65
5
90
22
100
56
66
51
69
25
27
80
8
74
54
21
65
76
42
33
72
26
40
29
60
8
75
59
97
96
71
60
78
86
83
30
4
84
91
10
14
55
7
23
77
4
57
18
59
49
95
73
1
71
70
3
17
25
63
87
80
45
97
20
100
21
86
18
63
52
7
17
89
14
93
57
80
54
87
86
92
67
41
22
87
78
94
14
68
7
56
61
10
39
64
77
49
22
39
19
4
37
38
45
94
75
92
29
40
41
62
83
44
49
81
67
42
92
25
78
95
44
52
3
9
3
42
30
72
7
12
21
95
27
11
37
92
90
2
3
90
43
8
9
47
96
76
21
26
77
3
43
4
59
97
18
62
53
34
21
67
81
47
6
70
46
44
91
51
88
100
78
47
61
87
21
100
79
90
79
23
11
5
64
4
89
52
81
58
35
57
40
27
50
71
30
76
11
19
7
45
99
28
50
71
34
61
76
31
55
22
77
2
46
92
86
21
91
7
85
35
33
34
54
27
63
15
45
83
32
1
72
32
65
95
17
77
13
66
44
79
65
95
38
57
52
85
1
12
92
7
63
51
70
13
77
47
1
91
83
10
7
78
38
8
44
20
44
60
27
5
49
78
1
5
23
48
98
50
32
38
57
31
12
22
32
48
51
56
99
52
4
74
84
5
95
50
76
40
44
23
8
79
99
94
67
41
77
22
49
47
55
73
52
83
79
22
84
83
59
51
97
3
15
100
40
64
40
97
0
96
12
65
27
85
42
91
81
37
49
15
95
24
0
76
27
97
97
67
48
80
58
92
43
85
5
68
32
42
27
45
4
57
39
36
1
96
61
49
39
26
19
40
4
12
87
72
67
65
16
88
34
7
40
49
65
18
58
100
28
43
70
95
56
20
54
62
40
17
75
41
98
15
30
1
40
90
10
24
88
97
98
44
54
47
32
31
77
81
12
83
82
35
93
74
53
0
9
17
28
63
17
63
85
81
70
98
88
45
59
76
55
5
48
81
27
57
36
75
49
6
3
85
68
80
43
40
77
53
73
97
9
53
24
86
27
57
94
21
79
75
4
0
90
57
92
28
74
65
47
33
68
32
9
55
81
64
83
57
80
98
2
45
69
1
7
48
81
81
18
89
81
40
33
17
96
25
6
72
81
71
35
72
41
33
60
76
59
80
87
19
53
95
98
13
88
93
63
47
21
63
9
43
34
62
37
53
90
42
92
45
36
66
7
32
5
2
75
0
4
75
92
30
26
7
51
92
66
94
32
86
54
69
10
39
59
65
21
26
37
27
62
81
21
77
11
64
88
66
41
20
62
15
71
76
12
69
85
58
13
37
51
14
77
94
53
82
24
100
63
42
65
65
74
51
59
70
94
76
61
92
75
25
8
85
23
38
40
11
19
74
69
34
19
11
20
35
48
30
29
73
5
43
2
36
76
89
60
9
15
69
100
11
65
51
21
40
94
73
49
22
60
73
92
98
16
51
70
49
11
0
38
11
12
88
89
37
62
72
81
38
29
1
55
95
9
12
1
21
95
92
65
53
96
59
87
87
71
63
88
0
29
0
1
53
13
46
74
68
41
40
38
89
68
29
20
9
93
37
80
28
87
84
29
51
2
82
10
33
17
56
87
90
67
78
43
35
89
24
64
12
97
66
70
77
66
10
60
36
79
4
100
72
26
73
79
84
85
65
40
25
87
99
18
7
50
97
37
74
82
40
41
81
52
86
98
56
3
5
40
90
77
5
53
92
96
39
47
96
29
17
93
7
15
67
17
87
4
51
51
49
45
25
9
45
65
96
1
43
45
18
16
38
21
58
7
21
40
62
92
84
33
17
60
12
12
3
11
21
35
100
81
25
34
56
60
44
35
56
61
48
42
96
93
99
100
38
78
27
6
35
71
25
77
81
100
50
22
61
11
79
22
22
36
24
66
96
83
64
53
37
99
55
64
66
59
20
11
35
36
32
79
28
16
44
70
29
3
99
93
9
20
22
88
42
63
96
62
72
29
35
1
29
88
23
48
20
13
70
95
24
34
17
34
55
61
62
95
46
77
68
55
42
44
67
47
99
83
71
76
61
26
24
10
50
0
1
40
22
71
59
38
77
70
92
68
32
73
58
90
35
57
52
17
61
7
59
81
77
27
38
8
91
75
26
48
38
21
18
12
80
48
92
59
48
52
59
86
75
13
31
68
8
62
7
69
54
80
65
99
77
72
71
65
35
9
55
51
90
38
67
46
3
71
14
55
34
24
85
77
7
20
34
93
18
88
56
41
45
95
21
37
17
76
18
85
34
0
26
12
87
16
66
23
11
81
42
8
94
29
50
82
94
27
13
69
9
47
90
16
24
3
74
79
91
86
0
2
85
2
16
16
84
99
87
4
100
17
74
90
35
31
58
6
78
67
88
8
5
57
2
78
26
11
95
39
38
86
3
76
57
31
59
83
52
45
35
91
20
28
19
78
74
34
0
61
92
67
39
94
5
100
40
3
43
73
69
92
60
35
8
98
83
42
51
35
29
91
74
78
45
23
37
28
18
10
33
58
97
72
78
24
86
47
36
28
85
74
70
8
99
46
50
27
100
2
50
89
100
29
93
18
21
98
38
12
85
62
29
44
54
29
49
76
84
72
73
69
86
89
98
95
62
76
67
58
97
84
50
42
26
20
39
89
95
75
0
15
89
64
57
20
33
1
6
97
8
1
33
71
31
91
74
72
88
48
6
74
97
5
74
82
39
65
2
84
36
75
73
15
30
94
12
54
41
30
84
97
20
29
45
35
53
65
71
42
76
47
7
67
53
9
78
92
94
44
95
44
53
99
52
11
60
41
52
72
34
100
6
93
70
42
21
88
96
75
50
34
70
8
72
94
76
40
35
1
10
18
23
12
34
93
50
35
91
37
43
33
21
48
71
1
46
36
78
90
91
85
82
1
52
21
52
46
39
36
40
5
82
48
35
26
90
83
71
36
77
87
37
38
35
17
38
91
26
31
56
98
39
2
59
78
70
67
96
17
36
92
15
81
10
13
78
29
15
93
8
89
52
54
74
11
47
64
8
25
8
13
19
57
52
65
88
32
22
54
36
20
19
83
24
59
11
80
53
18
52
13
79
7
26
36
79
100
48
34
1
71
14
45
87
4
65
20
90
17
83
12
4
19
95
13
70
57
68
62
48
82
7
47
6
50
93
50
54
83
80
23
80
77
91
18
46
9
75
84
37
78
26
53
52
27
83
19
14
28
82
52
40
69
62
59
79
72
30
62
37
62
98
1
90
82
3
68
85
27
85
52
89
41
93
86
67
45
79
78
80
63
99
18
74
8
0
4
5
77
56
82
48
13
68
78
90
20
40
41
20
49
52
8
33
65
74
28
29
88
8
52
82
12
49
87
45
35
93
87
16
84
62
62
57
62
24
25
42
13
34
30
25
10
40
37
11
23
86
96
63
61
89
84
23
18
72
43
70
40
15
78
40
26
11
97
60
75
57
40
74
74
30
89
62
86
72
5
96
13
39
29
3
39
12
90
60
44
80
4
87
18
71
42
69
79
31
23
98
3
64
74
67
21
50
6
5
100
27
54
82
14
64
25
86
44
72
40
31
5
36
18
19
49
8
96
51
74
76
65
47
46
31
79
38
1
30
39
28
73
73
75
63
36
28
15
35
35
28
66
22
62
56
67
56
4
18
59
1
17
81
19
22
25
93
46
40
37
9
85
97
91
76
50
83
31
78
16
24
43
47
58
98
87
81
44
72
20
61
33
36
75
57
52
42
28
21
11
39
38
54
81
86
99
14
34
36
92
93
51
68
66
26
9
61
38
34
78
6
9
67
98
64
62
17
13
53
69
24
13
8
72
15
10
48
65
96
85
67
63
61
1
51
63
28
52
92
52
85
57
82
8
64
24
69
67
35
79
72
33
95
53
98
22
86
83
79
100
51
19
32
21
78
76
96
26
74
18
48
98
80
72
22
60
99
80
80
94
74
57
64
40
47
96
48
16
30
9
76
15
48
23
76
89
11
35
55
7
27
17
73
55
62
81
38
23
2
25
82
26
32
88
55
81
1
4
16
85
69
14
17
6
1
44
69
37
39
72
74
68
68
29
37
50
5
61
14
30
72
11
3
9
71
74
39
93
3
9
59
33
40
9
98
39
75
95
52
4
24
66
43
47
41
82
49
89
89
69
47
59
16
88
100
2
93
2
91
16
41
69
64
57
84
13
34
30
27
35
71
99
44
75
45
96
57
54
49
44
36
81
35
95
35
50
83
91
88
81
97
53
91
36
26
21
61
67
53
71
0
10
10
6
17
79
79
35
54
46
79
30
28
58
23
63
15
25
85
53
97
33
21
76
87
4
77
100
61
18
88
21
46
47
58
37
98
32
85
59
17
8
92
77
69
70
1
43
73
60
64
12
18
58
99
96
51
7
11
3
89
71
85
4
75
9
84
91
82
25
0
68
3
35
49
25
12
54
35
47
81
99
24
46
30
40
84
42
12
5
30
45
18
15
83
9
14
93
22
84
47
80
69
39
28
67
6
95
72
97
10
55
8
8
83
74
68
56
89
88
6
48
25
51
88
59
63
4
11
56
92
82
10
67
82
82
56
85
65
44
30
73
87
1
17
97
94
17
82
89
12
75
92
81
87
99
7
63
66
56
40
74
66
44
93
45
15
11
81
27
81
63
87
93
71
95
36
45
57
64
53
46
61
0
98
56
52
25
6
6
27
55
70
94
43
29
41
25
34
51
19
32
26
21
61
19
36
3
4
44
8
87
9
92
70
63
19
4
13
40
100
56
71
48
63
82
35
21
18
57
44
76
74
81
83
4
60
68
51
88
24
55
14
2
45
3
39
58
23
50
78
30
98
20
14
98
36
32
78
8
90
94
83
94
62
92
49
3
85
2
80
94
70
11
77
14
23
85
11
63
28
48
61
69
29
84
76
52
71
97
88
32
41
92
83
72
38
41
54
28
77
63
87
67
13
59
57
17
16
96
6
3
48
33
22
56
90
63
18
10
12
26
9
41
36
5
6
24
90
81
58
76
25
5
21
4
7
59
86
33
27
83
53
19
58
16
79
70
72
63
55
98
70
29
35
82
32
39
27
74
49
51
8
5
65
78
28
10
95
17
48
37
75
99
29
20
30
72
93
23
9
59
76
24
0
26
10
26
48
99
21
87
85
38
84
93
1
80
26
80
15
88
6
32
64
24
15
62
12
41
42
94
80
47
93
86
100
49
95
22
50
48
2
71
21
35
36
11
94
65
42
21
7
37
95
55
70
39
3
83
26
1
82
36
3
63
21
44
60
34
70
10
61
79
0
3
64
41
68
91
65
54
72
70
79
83
4
59
69
39
34
34
17
13
66
22
57
82
87
68
89
76
34
36
50
57
69
65
93
43
100
26
45
42
67
30
2
50
17
65
35
29
35
11
15
34
9
11
61
8
64
43
0
89
100
28
69
41
72
51
31
1
70
51
18
34
43
54
17
52
4
5
56
99
64
37
30
42
42
6
50
4
13
29
67
41
49
38
81
8
63
96
60
13
59
80
78
8
52
55
15
54
30
84
58
60
97
8
70
70
37
2
32
26
64
4
5
17
11
50
10
12
79
32
49
79
16
38
50
8
75
22
80
74
5
15
96
0
57
23
99
38
60
50
93
92
67
0
76
3
90
56
59
95
93
98
42
3
20
67
96
18
47
49
28
16
84
65
8
18
72
31
5
91
90
38
38
18
12
2
7
17
83
10
24
29
52
47
98
44
93
6
20
14
18
6
85
23
34
85
21
87
79
52
33
61
49
88
9
88
64
43
14
57
69
5
96
10
18
87
20
24
0
85
69
67
91
26
32
38
76
67
33
35
10
11
19
6
100
88
31
5
35
67
18
24
10
26
41
14
2
71
88
51
77
21
81
25
51
43
85
15
60
18
39
43
53
65
19
8
58
83
6
41
34
94
45
70
53
96
9
28
60
37
42
68
86
74
76
33
35
95
77
14
15
92
100
7
10
99
49
79
79
7
50
20
91
23
68
40
2
78
6
92
65
99
94
68
41
34
99
67
16
62
10
95
73
84
94
63
8
90
37
44
85
75
42
73
81
19
10
46
77
49
32
40
30
99
96
72
13
33
31
27
95
48
7
54
73
36
59
88
63
30
64
89
61
6
46
21
0
27
86
67
83
49
44
43
1
49
57
2
22
43
62
19
56
51
43
86
41
13
15
96
19
12
86
10
51
78
8
32
85
42
60
73
39
56
3
11
51
41
