5000
1
95
43
53
44
15
24
38
83
73
6
75
48
52
19
76
24
22
2
65
27
55
13
22
58
38
45
19
10
23
20
27
53
82
13
40
64
80
18
78
82
63
89
23
25
17
91
97
8
47
15
89
61
8
91
76
36
49
9
26
60
27
59
71
89
48
91
48
95
60
29
28
35
85
68
96
84
56
99
88
42
13
44
72
34
36
28
84
96
9
22
94
19
1
77
32
97
17
33
9
80
64
24
8
62
2
54
90
39
66
99
30
40
46
43
13
28
2
55
42
83
67
44
30
51
90
25
15
31
67
55
60
92
69
45
5
22
20
32
24
75
1
0
6
51
0
20
6
100
78
98
78
62
60
86
79
43
59
31
27
1
96
90
77
91
40
57
46
10
77
84
29
24
46
24
23
10
69
38
87
24
65
10
56
85
51
31
73
22
73
64
73
87
39
31
10
1
11
93
84
15
98
31
22
49
23
36
44
76
15
78
51
53
2
96
48
94
56
10
94
11
68
65
100
17
61
50
46
83
71
12
1
72
72
66
40
61
96
2
82
67
95
36
14
29
42
78
91
54
95
28
67
11
80
87
42
80
50
63
44
60
17
63
95
74
88
14
15
96
99
14
10
9
68
83
75
40
5
1
56
42
83
96
52
62
26
71
81
95
83
25
0
91
31
95
39
94
35
10
13
76
76
96
100
68
63
13
75
55
12
67
42
86
79
8
67
12
25
92
18
64
76
64
89
1
43
10
94
12
78
94
68
7
20
21
29
26
35
36
57
13
54
94
66
75
33
48
67
53
85
40
63
57
28
64
66
51
89
36
29
4
68
72
77
24
52
46
83
54
90
100
93
88
76
91
64
76
51
15
90
10
43
53
23
20
15
34
70
67
23
95
5
23
61
87
60
81
70
69
83
33
45
64
38
22
4
77
74
49
81
71
80
91
30
78
34
13
41
70
98
20
21
20
90
8
42
50
28
94
90
53
35
53
70
100
97
52
77
59
69
73
68
53
64
24
23
74
75
48
80
99
70
45
76
94
3
17
92
84
57
12
43
69
42
42
38
28
13
52
45
2
91
32
6
54
82
95
95
91
17
46
37
37
41
54
28
93
91
47
15
32
100
99
74
2
85
65
14
35
13
36
14
9
85
85
54
18
27
44
71
34
5
46
9
3
44
52
31
74
77
1
92
84
44
6
66
40
13
32
32
13
100
59
26
45
55
36
85
75
62
62
10
44
26
82
95
99
78
5
98
17
0
3
67
43
22
63
74
94
26
46
59
9
100
33
85
30
65
42
4
27
100
22
92
94
94
75
81
15
19
47
67
98
46
72
39
78
54
94
39
5
22
49
17
53
28
38
48
95
40
74
12
30
17
11
0
84
5
46
34
84
72
65
11
55
70
92
92
32
0
17
73
9
2
29
51
5
73
47
92
92
99
66
2
29
33
38
53
16
73
14
0
75
29
25
94
23
84
67
94
3
77
4
56
100
78
18
100
20
58
52
5
32
44
54
46
68
39
94
61
24
86
1
66
36
90
28
29
100
38
99
2
72
13
70
20
24
80
55
5
45
82
78
26
36
10
64
40
24
56
7
19
26
62
34
56
59
33
12
92
51
28
35
73
78
84
21
33
43
90
100
74
47
36
19
21
39
78
24
6
69
21
49
54
77
16
65
29
17
31
11
47
12
84
79
83
15
65
45
79
51
25
27
85
53
64
94
94
39
68
11
73
3
29
5
57
17
70
44
32
12
86
84
62
83
24
35
98
19
79
0
29
51
78
59
54
56
51
51
90
4
94
56
74
41
65
47
37
77
33
91
62
20
75
86
56
87
25
25
94
15
34
71
79
25
91
94
0
30
93
90
36
91
31
88
59
57
44
23
29
76
66
64
85
13
19
100
12
32
24
50
14
63
89
31
68
75
22
6
81
77
93
65
84
2
0
47
68
87
73
45
85
97
11
26
41
51
83
60
7
39
59
30
94
86
93
62
89
38
37
62
48
31
94
9
31
82
38
33
90
73
13
84
21
49
68
22
51
49
70
65
70
49
59
14
94
2
12
91
18
89
37
54
48
0
42
16
19
61
57
98
12
88
86
66
88
66
82
86
23
97
19
25
60
17
53
88
73
42
88
90
86
21
58
44
61
84
12
41
55
33
56
26
32
18
12
57
69
18
44
86
28
21
84
61
40
0
4
11
64
75
73
5
66
98
68
9
56
72
59
55
8
15
70
1
24
62
28
95
91
50
54
26
17
11
52
63
45
33
47
3
11
73
56
53
92
33
90
22
82
57
19
71
45
52
69
46
77
45
46
13
84
8
61
82
13
73
61
77
49
84
38
50
4
11
10
45
15
41
12
89
8
55
3
86
69
26
59
9
58
68
23
38
36
97
17
19
75
84
12
31
13
5
43
81
100
22
62
6
79
36
93
2
78
93
64
38
92
93
90
78
19
68
16
58
40
50
42
43
8
48
50
71
51
65
73
48
62
15
12
12
80
87
21
74
67
84
24
52
93
48
69
11
44
39
25
52
9
21
24
59
31
23
73
94
88
92
51
74
4
28
19
85
10
75
68
67
60
44
47
64
53
41
36
69
59
66
61
44
58
25
6
93
0
44
34
97
48
13
43
18
67
18
76
30
74
14
40
81
11
22
1
7
39
77
85
96
99
82
33
82
78
68
27
87
72
46
75
38
66
75
39
75
26
53
75
43
52
13
28
37
9
100
13
17
23
50
6
86
55
54
41
43
56
43
51
100
37
92
5
31
73
44
89
35
56
77
75
76
47
74
6
82
4
84
29
37
49
83
12
61
26
59
60
95
79
5
16
32
45
26
71
23
52
60
77
18
42
40
42
8
25
39
8
33
100
45
64
39
18
64
93
98
20
22
68
29
8
74
49
42
61
82
57
31
82
70
24
81
72
81
67
31
21
94
47
99
52
12
40
55
89
27
99
29
78
14
52
5
13
77
64
50
34
39
36
73
6
50
75
79
7
15
5
64
58
61
77
64
55
7
78
33
17
29
11
75
46
71
79
19
1
91
1
75
79
1
79
88
61
85
5
61
2
52
39
83
13
66
49
17
3
65
31
95
40
72
62
3
84
81
57
85
16
83
96
69
90
18
25
92
46
56
14
48
4
17
67
37
86
86
96
14
43
2
20
77
73
47
82
44
47
38
21
78
2
85
77
71
40
26
23
50
33
63
30
4
80
84
86
37
63
75
12
26
97
43
31
92
99
76
50
73
77
46
14
31
8
6
24
99
71
18
57
87
42
57
63
80
59
29
59
15
66
90
10
11
85
42
49
59
9
48
45
87
73
94
93
38
65
65
14
62
61
0
84
38
58
25
56
98
45
47
70
59
87
36
0
17
61
44
51
65
94
66
84
44
0
32
74
7
66
43
96
84
8
79
21
62
15
43
51
2
31
76
82
35
85
65
78
75
15
35
34
68
34
25
62
80
18
57
19
26
68
29
15
16
19
14
19
82
64
22
96
33
12
97
37
49
3
8
87
65
47
81
91
35
84
48
0
33
43
93
90
78
78
12
95
84
29
97
47
88
24
21
50
8
70
17
100
52
40
61
85
65
6
67
98
82
46
58
78
43
14
42
58
78
17
84
21
91
8
41
45
76
99
81
22
5
24
88
64
40
29
49
75
6
20
19
41
94
37
71
90
85
33
36
86
29
78
29
93
12
2
0
68
58
100
74
21
34
91
39
22
99
17
46
73
32
52
72
47
94
84
70
77
11
78
95
81
69
43
2
29
87
66
86
30
5
68
91
56
96
95
46
53
40
10
89
96
99
14
52
7
72
25
93
54
49
35
1
25
48
75
91
34
32
73
18
92
77
10
77
70
12
72
57
70
59
74
40
52
10
4
28
9
70
24
21
91
16
77
77
48
49
27
81
79
27
15
83
41
61
55
10
26
36
29
75
59
87
77
40
88
92
78
89
6
68
83
85
36
92
81
53
81
52
29
71
84
8
9
59
21
88
28
7
19
6
45
80
44
76
23
51
79
22
81
59
51
76
10
48
71
55
76
100
57
87
90
7
13
62
18
2
64
30
35
36
2
53
32
74
53
16
31
63
78
77
60
5
47
54
69
93
10
15
19
99
93
65
0
37
36
49
42
64
71
45
0
9
39
18
11
76
48
92
93
59
14
28
7
4
28
48
81
43
69
80
75
5
32
26
55
72
5
66
60
99
36
69
12
20
89
81
53
70
24
93
54
17
81
12
46
59
32
35
37
10
86
85
74
57
14
18
28
38
20
59
65
96
31
5
41
85
24
45
43
22
6
37
61
19
3
21
16
59
96
10
51
58
64
55
32
64
78
68
74
74
44
92
92
74
17
25
1
52
59
47
26
85
31
18
7
62
44
52
65
91
87
68
43
94
13
78
77
33
6
78
28
80
42
97
29
7
0
98
29
70
91
20
84
52
53
63
0
21
18
58
80
72
0
26
37
81
24
40
55
100
34
15
35
10
79
57
22
57
75
90
73
48
77
77
65
69
50
64
10
74
34
84
60
29
64
79
89
56
0
56
94
61
85
48
10
44
27
53
48
78
69
43
33
33
35
95
60
22
100
73
62
94
45
75
26
55
6
90
32
61
55
64
58
42
94
70
18
90
27
100
93
69
67
21
35
75
93
98
53
9
85
11
48
83
46
61
49
48
38
39
90
58
39
45
96
25
26
2
74
36
34
10
45
83
43
48
9
94
3
53
82
21
26
95
41
62
89
100
50
62
33
20
12
35
23
11
11
57
81
40
33
54
66
26
66
92
14
27
76
45
64
42
6
25
99
68
49
11
43
79
51
92
31
54
80
70
8
23
98
0
50
72
72
60
23
30
26
96
81
53
9
56
39
34
34
91
75
3
67
23
8
62
16
61
13
28
29
52
17
44
62
61
32
89
17
5
88
14
24
4
34
69
36
88
34
52
3
49
20
58
29
81
31
27
31
91
63
54
88
57
7
69
34
25
89
25
35
55
85
27
94
31
37
98
82
64
98
29
46
91
96
41
33
25
12
82
96
97
54
52
69
37
15
95
81
25
91
22
65
29
91
86
7
82
56
72
42
11
51
88
34
51
12
10
39
33
85
71
15
88
10
14
4
97
96
45
28
36
82
100
99
77
53
97
22
0
59
37
67
87
2
94
72
72
96
56
1
86
14
34
31
87
34
44
5
29
72
53
88
34
74
57
56
36
3
70
32
49
95
95
20
61
22
19
35
21
28
9
63
23
42
6
86
66
30
95
10
12
29
28
55
25
70
13
7
94
25
51
95
97
41
68
74
8
54
25
91
38
87
15
84
72
55
80
31
14
29
55
67
79
41
68
21
57
66
21
79
40
44
40
11
28
23
73
98
54
44
19
10
21
33
12
47
31
68
2
89
24
74
23
49
27
58
45
90
27
51
10
20
85
3
30
5
43
76
64
31
12
97
58
90
94
48
25
51
55
20
19
56
88
22
72
26
29
58
36
5
74
2
87
83
10
16
46
49
8
63
77
65
0
71
7
41
66
24
19
10
10
52
99
100
14
100
49
54
58
92
36
38
34
60
94
54
85
61
59
68
96
21
0
15
97
20
10
96
22
6
64
37
61
74
74
61
83
95
47
98
97
8
16
76
17
59
41
69
59
17
35
48
89
78
25
86
23
44
83
31
68
15
7
59
87
78
33
9
21
6
28
43
35
22
71
39
41
68
4
82
81
76
10
51
14
17
7
1
5
33
25
52
4
54
39
100
6
67
55
5
54
24
79
60
5
23
50
60
72
71
85
95
14
90
4
1
31
30
46
20
0
89
56
59
28
8
42
52
44
61
23
53
60
82
6
46
97
38
76
39
12
56
42
79
55
37
90
33
56
19
41
55
43
44
43
55
47
43
14
90
20
9
81
62
79
56
59
27
6
70
59
65
48
50
57
50
73
80
12
0
57
12
66
16
44
15
21
44
61
83
53
76
71
14
80
39
13
30
61
92
81
15
11
56
23
13
18
46
55
23
69
17
60
5
70
44
66
73
79
8
80
87
10
93
1
61
89
94
52
0
23
79
88
86
86
22
100
60
37
21
13
13
94
63
60
30
81
62
30
62
87
4
81
32
92
67
5
35
44
8
11
48
15
5
77
67
91
78
14
73
72
54
9
87
40
95
19
89
78
49
19
61
81
23
94
73
78
79
99
34
20
91
53
55
39
89
6
86
57
97
54
27
41
37
100
19
36
20
8
6
100
20
69
22
19
70
79
80
83
92
66
8
56
44
86
16
67
93
70
19
44
47
8
60
80
85
83
67
87
93
90
17
84
57
47
38
99
76
14
11
73
98
16
23
98
50
41
22
57
76
99
44
95
23
76
26
30
73
27
20
66
79
2
98
54
58
87
2
0
26
24
34
78
45
88
25
14
74
73
81
48
74
66
98
44
71
36
93
7
49
24
48
7
27
20
16
16
7
90
98
53
81
10
26
14
97
74
5
45
66
38
53
12
99
44
99
56
55
32
56
15
46
89
71
12
90
64
37
40
3
79
20
74
31
60
95
85
6
85
49
27
14
91
21
13
64
15
84
6
12
36
26
45
17
15
66
86
43
34
16
52
46
81
22
28
80
61
54
54
79
76
88
58
36
25
19
41
16
56
69
44
28
18
62
30
93
39
83
75
31
3
28
3
43
77
52
47
72
42
69
38
94
93
25
54
45
82
62
49
17
2
93
91
93
65
94
48
19
66
18
94
79
7
25
92
97
57
61
95
68
85
17
30
89
32
68
18
84
37
10
17
90
66
4
68
40
96
1
82
98
85
60
0
74
87
24
76
68
98
84
99
15
67
55
54
55
78
49
42
35
77
91
30
23
76
42
100
78
15
47
64
26
82
9
54
82
23
6
4
67
38
30
39
2
99
26
89
55
0
2
17
100
65
4
37
98
93
74
50
97
1
50
18
45
1
54
50
3
21
21
65
76
1
30
79
13
17
10
24
78
22
54
26
41
79
2
51
9
42
100
24
50
53
75
97
5
58
91
76
92
26
17
14
7
74
100
23
73
43
96
96
67
94
43
61
90
99
35
5
10
53
0
58
7
33
94
39
83
98
53
80
84
80
65
54
82
16
64
68
32
83
63
26
87
76
22
5
92
82
26
78
25
81
15
43
34
70
52
7
25
46
8
25
56
83
53
78
96
74
93
78
61
65
28
91
54
25
76
82
16
56
61
49
86
75
57
90
78
72
77
34
95
26
18
49
16
94
69
53
90
24
74
83
9
93
2
56
96
61
19
84
36
65
29
86
83
92
49
72
18
3
93
43
37
88
9
37
12
44
49
12
87
10
58
33
28
66
72
63
76
32
15
96
15
40
92
73
35
81
40
64
11
60
71
23
92
11
14
99
39
64
76
56
95
61
93
93
43
90
27
4
80
83
14
65
20
35
48
43
15
87
18
61
14
54
69
26
17
76
54
83
71
92
7
86
10
58
34
71
87
18
34
21
19
3
81
20
88
89
26
81
33
21
69
95
34
57
71
59
92
47
88
59
16
70
89
97
17
34
38
65
0
39
59
100
63
86
90
16
93
62
80
24
32
38
32
3
63
50
39
86
38
19
71
36
85
98
83
30
89
4
0
76
23
19
69
21
15
98
25
9
29
86
31
42
77
10
81
87
19
40
24
64
90
55
66
17
22
71
82
62
58
4
58
1
21
77
43
44
43
83
78
54
66
77
85
99
83
87
11
20
85
36
89
83
98
8
72
1
49
3
63
79
82
72
20
41
13
74
24
98
96
24
34
92
88
8
71
92
41
7
81
28
65
19
8
43
23
47
8
63
53
24
60
24
58
43
16
89
27
10
1
64
39
62
35
66
18
45
89
40
4
29
67
81
26
91
83
73
76
48
36
76
57
20
56
81
9
77
26
3
55
13
67
36
6
81
44
45
92
39
91
79
95
58
89
75
24
87
95
15
30
73
17
76
26
17
87
93
23
87
85
58
24
85
47
17
1
95
81
90
30
82
70
86
57
34
12
22
49
50
96
75
4
23
6
99
21
8
95
58
71
31
19
53
36
20
74
24
94
79
66
36
94
43
17
31
1
90
32
90
62
9
95
68
25
12
95
59
79
45
65
77
93
85
25
91
29
85
61
100
97
75
59
70
82
16
1
68
60
29
16
10
29
19
34
87
42
86
48
97
55
67
17
68
1
20
10
37
79
34
55
99
6
85
8
5
12
63
98
94
24
44
80
12
58
31
86
72
18
35
66
86
20
100
19
20
71
45
26
60
35
15
4
84
44
51
42
69
79
42
0
12
84
52
58
6
56
82
77
35
23
9
78
38
94
22
7
45
97
47
32
83
42
91
88
63
14
92
17
81
91
90
26
89
56
73
18
50
11
6
64
42
70
71
21
50
17
66
78
57
90
13
98
10
78
35
7
86
97
6
79
78
53
37
86
78
28
50
88
76
75
93
57
24
46
30
97
64
83
15
55
34
12
80
63
53
87
33
50
46
46
24
45
65
67
20
35
50
57
100
30
40
13
94
27
71
57
14
99
37
79
66
47
15
62
36
19
84
62
68
79
11
56
53
94
43
21
89
80
3
13
19
45
34
17
3
57
40
76
44
75
29
10
88
100
55
58
23
3
4
87
26
1
91
77
65
89
15
45
49
44
96
39
97
52
44
18
90
47
44
27
14
89
97
4
76
69
29
95
76
33
98
14
56
19
4
23
69
21
36
4
8
89
56
21
28
30
12
75
83
53
26
43
94
75
92
4
58
29
99
52
0
90
0
85
45
76
46
17
69
75
71
34
84
2
16
33
30
3
74
54
85
65
81
14
37
57
55
83
99
64
49
27
99
96
18
60
42
95
11
60
78
70
1
40
96
97
22
37
100
80
73
32
77
100
33
42
27
60
52
48
13
89
82
16
13
32
94
31
80
32
2
67
6
50
55
41
20
9
0
79
31
32
80
80
85
28
94
40
11
89
59
57
69
19
98
77
12
96
87
90
95
42
98
11
80
16
82
64
29
84
58
76
13
33
19
31
97
5
29
97
95
35
50
27
79
82
94
93
29
28
34
29
15
39
88
8
26
40
36
36
99
86
45
53
36
32
52
19
43
63
36
88
2
54
89
56
34
51
63
23
63
36
70
68
23
63
89
38
6
10
73
20
77
27
80
43
79
12
62
28
93
94
57
31
89
15
18
56
68
46
64
99
69
23
55
17
72
4
85
14
1
59
73
56
58
79
64
23
74
21
76
47
24
74
34
2
30
7
17
3
11
85
9
65
12
10
74
87
24
6
78
10
11
85
69
28
58
66
56
26
91
80
18
27
87
46
52
80
95
88
4
97
72
76
81
85
40
4
74
49
95
61
84
46
27
80
83
21
61
86
80
42
49
99
27
71
25
75
5
11
100
92
31
22
87
51
4
78
17
72
83
79
88
11
66
24
84
88
11
17
10
58
62
37
55
48
51
84
32
52
10
44
36
15
60
41
75
54
83
16
15
96
95
87
47
0
13
45
65
8
39
99
33
60
50
78
72
85
63
46
91
30
1
59
40
28
24
46
37
82
58
59
64
11
97
28
68
100
66
57
51
70
3
98
11
60
42
20
33
80
17
63
51
60
9
41
99
52
41
36
56
28
41
80
38
9
39
86
85
65
39
77
80
98
53
54
3
0
54
11
45
8
29
38
46
47
91
12
63
26
42
86
90
9
67
94
86
3
82
43
51
15
97
20
30
60
28
15
59
5
80
79
81
27
33
18
10
91
99
26
40
94
18
8
12
49
90
87
86
34
48
77
66
59
15
48
19
6
67
94
72
76
70
73
54
65
79
40
44
59
43
63
4
11
29
87
23
52
90
89
27
14
82
72
91
81
38
45
71
72
13
44
42
58
29
60
11
67
19
51
25
56
79
31
78
48
91
62
71
9
53
24
99
19
63
14
19
81
81
3
71
60
46
97
7
86
65
96
15
5
27
91
0
7
25
46
18
21
73
46
55
32
77
24
74
37
93
39
4
96
17
84
20
37
14
75
42
23
42
76
47
84
18
45
3
8
15
9
42
19
30
35
30
96
100
87
47
45
84
77
41
60
30
67
90
13
21
31
35
80
24
90
81
74
47
86
95
22
31
99
38
33
44
60
91
0
36
44
12
10
63
32
83
68
21
2
35
34
42
58
11
8
67
62
47
72
95
67
84
91
7
80
62
75
43
68
93
37
30
29
22
79
71
82
26
12
42
62
35
61
89
67
9
18
85
81
70
8
21
78
85
38
17
88
89
92
65
31
49
45
53
41
31
76
26
95
11
12
22
82
28
4
88
88
68
59
30
51
70
91
21
42
53
87
5
51
49
58
0
52
42
67
39
23
26
9
91
2
99
45
64
26
32
17
2
76
70
57
76
91
90
7
78
79
94
28
51
79
53
19
88
52
42
85
42
70
63
70
0
45
90
91
57
20
70
98
79
35
16
12
77
51
85
6
81
90
89
72
88
36
41
85
24
60
81
89
0
14
3
95
75
59
64
30
12
24
2
52
33
76
76
39
78
5
32
21
48
96
33
30
51
48
31
75
33
31
90
79
55
26
2
94
67
20
79
13
41
47
30
82
88
59
45
40
0
40
1
2
76
59
47
66
56
18
2
11
86
93
85
73
42
96
95
64
33
32
14
52
39
86
32
8
0
49
5
9
80
99
26
14
86
23
88
31
43
40
32
75
6
85
19
25
32
0
53
74
37
9
32
78
49
71
62
17
74
96
45
49
93
80
4
53
74
41
88
29
96
32
65
11
74
97
42
70
12
65
38
46
76
2
84
80
10
23
86
59
73
0
25
69
60
65
17
61
44
26
75
18
27
97
4
69
32
75
91
89
80
35
15
71
24
64
2
65
44
3
80
95
61
62
38
91
91
70
67
100
11
77
81
61
36
48
18
25
46
61
97
76
40
4
38
54
40
24
97
67
10
69
99
22
13
16
4
42
0
46
37
90
10
17
83
53
91
15
63
38
12
17
38
38
25
95
48
56
95
59
36
57
50
79
74
55
65
14
18
71
83
47
28
8
18
33
89
38
2
42
40
52
12
67
17
45
84
28
53
92
48
37
67
26
7
27
89
56
94
83
96
99
98
49
52
70
85
37
69
61
38
18
11
5
0
24
100
91
96
14
81
63
36
77
23
47
45
11
20
56
17
39
77
50
4
0
59
87
82
63
84
27
64
19
89
86
53
39
27
48
54
34
85
38
32
34
35
65
26
4
9
48
92
77
94
85
54
11
24
8
24
82
46
89
13
88
77
61
94
24
7
14
92
52
18
15
88
