1024
1
92
82
73
73
79
59
87
48
3
31
22
60
83
31
98
47
49
99
89
41
75
89
73
23
40
12
99
43
20
9
29
82
35
32
21
70
83
46
70
45
23
45
95
86
73
88
15
60
78
20
28
23
91
72
74
65
77
24
42
90
30
71
87
50
20
50
91
46
86
40
19
51
47
18
25
4
3
37
17
48
71
2
88
88
19
31
78
87
20
40
33
0
42
49
34
57
75
47
22
11
12
61
55
71
52
47
83
93
76
49
39
52
38
61
63
37
59
59
18
53
9
72
53
98
97
99
21
96
98
1
95
10
38
98
47
14
36
66
5
54
77
98
91
71
88
56
59
82
76
70
61
64
80
40
85
2
75
87
90
89
64
73
79
56
30
33
45
67
79
71
88
59
2
40
15
37
75
32
0
58
62
19
63
41
45
23
8
64
93
66
49
41
89
56
94
57
27
95
96
6
89
77
91
37
31
50
26
14
81
66
80
6
47
83
31
78
9
92
5
97
56
71
34
69
71
37
0
59
42
86
50
58
72
87
7
5
21
81
2
16
86
19
89
29
97
36
89
9
65
100
92
21
90
24
69
57
75
97
99
58
34
97
86
8
88
1
16
87
67
72
4
70
58
31
47
87
70
90
34
27
34
21
17
92
43
70
22
62
5
63
2
45
8
97
49
4
81
31
100
40
7
2
25
70
19
80
11
0
53
35
47
67
96
90
16
68
67
23
88
40
18
40
38
20
1
19
28
32
34
7
3
45
21
34
67
51
20
65
18
0
25
13
82
5
39
3
90
19
21
24
59
62
15
19
20
95
13
6
97
0
55
58
58
16
5
60
62
26
47
51
54
78
83
89
1
89
23
76
8
13
82
87
25
13
40
96
7
17
69
64
19
85
64
39
0
68
27
18
93
87
44
58
79
58
40
33
0
9
17
51
62
67
33
10
37
12
95
94
21
33
50
40
59
92
17
63
44
62
63
23
36
36
6
74
37
45
46
38
66
87
0
44
57
1
49
75
67
29
72
32
70
67
87
72
8
92
59
55
75
62
41
44
18
8
8
80
65
26
93
6
3
0
24
32
46
65
81
17
87
25
66
75
20
32
18
4
3
37
97
61
81
31
2
6
83
22
49
78
84
86
6
96
88
23
74
60
31
63
84
48
8
87
87
64
56
25
14
40
77
99
49
85
96
73
66
3
79
34
81
18
64
32
79
31
58
46
87
85
55
37
87
16
36
71
61
94
42
44
21
14
1
100
31
29
11
6
60
39
100
23
59
11
81
49
77
61
61
50
37
31
34
26
80
27
43
70
36
24
38
4
29
100
82
44
14
96
21
78
81
29
34
85
28
45
32
51
67
50
15
72
4
0
51
32
20
2
77
37
33
18
53
94
20
29
45
66
99
48
39
23
80
73
42
74
81
76
11
72
60
90
76
40
24
79
30
10
72
53
59
46
49
8
31
58
72
98
15
92
54
23
69
48
53
86
53
98
96
84
97
77
47
85
81
72
11
64
7
15
85
49
87
16
17
73
69
83
52
92
54
79
30
49
82
52
89
91
50
93
76
16
72
74
50
48
43
71
20
12
67
20
60
51
95
2
15
83
76
78
46
7
7
76
10
93
10
64
53
58
7
86
92
65
11
91
35
90
50
25
6
48
79
30
33
41
99
89
16
83
45
77
56
54
97
2
20
99
11
89
10
33
13
74
77
69
76
47
3
8
88
86
63
93
39
78
15
23
38
61
99
65
97
37
63
16
79
97
87
73
46
87
85
64
83
65
17
74
71
77
93
2
82
68
56
53
95
45
82
1
56
34
58
55
12
11
36
47
93
37
84
95
13
49
13
85
83
81
98
16
9
59
7
50
27
30
91
87
43
68
60
29
23
45
55
70
67
44
55
39
23
69
45
81
80
22
97
77
85
83
98
94
14
77
50
32
45
58
100
89
14
1
98
25
44
5
99
36
83
32
88
2
30
0
72
39
96
100
70
13
15
16
98
94
2
68
75
40
1
74
49
59
53
73
34
35
22
16
55
46
55
100
40
81
62
16
6
28
96
29
77
76
57
82
39
11
35
14
76
47
40
47
49
16
74
18
45
12
79
86
31
74
98
14
79
86
88
59
90
69
41
77
50
100
23
53
83
97
100
52
63
21
2
44
18
88
81
91
46
35
86
13
62
39
15
56
47
15
53
49
15
77
11
34
71
54
69
7
31
21
97
15
96
16
47
18
45
63
20
96
43
50
89
58
66
90
45
88
61
4
66
21
38
5
28
0
33
66
77
63
40
14
34
32
71
67
31
75
53
27
100
77
45
30
8
52
