5000
1
78
78
86
92
95
95
98
83
16
97
72
56
78
46
47
5
44
45
59
79
29
34
59
48
14
100
39
8
95
100
58
94
43
67
1
56
63
34
81
96
47
29
82
2
83
97
32
43
7
59
97
87
79
41
68
18
27
96
20
24
27
15
39
92
92
66
51
17
36
28
85
15
16
21
73
91
6
100
48
49
92
91
20
90
55
90
25
45
55
29
48
74
86
7
34
73
56
65
61
96
53
50
66
36
23
11
38
31
18
65
51
35
30
51
2
50
16
1
58
45
99
37
74
63
49
82
23
16
29
41
18
13
33
98
45
86
65
55
82
83
47
62
52
78
100
0
27
20
68
24
47
81
30
10
86
21
29
79
79
39
96
87
44
23
37
69
75
14
19
64
69
89
82
3
58
71
85
45
76
85
42
19
47
85
85
77
89
92
79
13
91
49
24
49
0
100
93
43
97
62
8
98
17
84
98
83
60
16
9
48
42
27
94
90
51
46
63
22
48
28
88
20
87
30
4
27
81
71
70
45
69
58
42
19
66
47
59
45
34
60
76
78
42
6
79
43
71
38
58
81
20
76
60
82
37
87
54
51
25
53
35
49
20
79
30
57
19
68
57
87
38
66
37
50
23
51
12
96
78
27
32
75
57
66
35
49
7
62
72
59
18
90
17
10
100
89
55
47
71
50
23
66
97
63
30
3
44
50
28
70
15
17
24
30
24
66
27
51
58
90
43
56
99
4
60
73
29
25
98
93
74
33
15
12
49
16
66
40
23
49
70
43
16
36
13
68
32
44
38
3
12
16
42
4
77
21
88
79
64
42
40
5
72
90
44
86
78
75
90
21
40
5
51
37
88
77
51
96
62
24
54
0
99
83
30
11
1
62
88
83
96
59
2
67
35
33
89
62
16
59
70
62
80
53
14
49
8
52
33
59
55
3
88
50
38
20
64
70
12
22
51
61
80
78
72
33
68
67
29
63
63
36
52
99
2
63
14
37
12
9
61
31
58
42
93
30
42
81
77
32
67
98
2
12
100
58
12
30
44
7
37
22
72
81
15
33
94
41
22
50
59
15
25
9
16
24
12
76
52
81
72
65
47
77
65
7
68
26
31
73
76
10
91
54
55
83
3
97
34
67
39
29
31
50
49
38
100
80
50
35
37
45
52
29
72
27
77
70
65
17
32
33
40
50
48
45
6
61
42
27
81
18
0
69
92
53
8
7
33
47
46
13
57
45
21
0
59
42
99
2
95
59
40
55
27
38
91
7
98
49
80
25
52
52
29
88
60
39
65
71
99
79
32
54
72
93
7
99
24
39
95
36
27
85
81
68
30
47
1
11
73
96
65
37
64
38
53
59
35
49
10
47
2
73
7
26
79
78
93
31
15
87
33
24
65
67
91
64
54
10
49
12
91
43
89
7
66
100
94
80
47
26
16
37
56
56
37
99
15
36
10
39
0
66
64
40
22
90
19
34
95
22
48
16
1
74
50
89
50
53
73
87
30
36
56
86
51
93
72
68
51
94
84
5
91
26
36
59
43
98
67
44
55
17
71
89
82
87
46
83
38
59
10
69
7
38
70
89
53
91
20
42
66
96
26
45
58
96
54
70
1
97
89
88
65
14
53
12
83
26
51
13
85
85
33
7
43
23
43
31
52
39
83
95
33
54
86
93
52
93
39
20
74
30
84
21
87
52
65
53
57
65
91
54
48
100
97
61
10
89
26
12
3
3
36
54
52
39
87
22
17
93
28
100
68
84
23
88
92
41
80
22
63
55
56
84
90
52
23
12
42
47
53
55
17
38
21
12
32
64
8
43
25
16
10
22
99
73
17
100
11
22
4
68
84
34
21
91
10
54
39
81
9
32
7
96
20
98
0
18
12
12
5
97
4
5
58
73
37
89
41
50
5
91
45
34
67
22
65
6
66
49
99
68
3
87
40
40
74
83
17
29
78
40
52
15
61
71
39
99
13
19
59
75
100
70
9
39
16
96
1
30
93
3
61
51
68
54
75
52
91
96
66
35
28
79
10
41
25
50
29
16
16
59
86
82
45
80
82
30
20
98
46
4
18
42
45
97
25
28
12
4
87
5
40
29
14
12
97
65
46
19
51
86
72
100
17
70
54
56
53
19
25
82
12
67
73
83
55
63
74
65
70
44
40
20
1
6
67
76
8
69
77
54
61
48
85
27
70
52
32
54
78
47
16
34
10
76
71
41
36
81
49
27
98
39
58
11
80
7
42
18
44
91
1
20
34
5
5
86
77
74
5
92
42
47
48
20
20
97
82
100
79
53
46
8
47
3
49
23
50
78
37
83
12
23
36
82
94
85
95
7
66
40
93
74
29
69
83
87
30
35
47
26
10
69
49
64
55
77
15
79
16
64
37
2
14
11
46
47
39
76
27
79
100
36
68
71
55
34
17
56
2
86
4
52
61
29
6
69
18
23
99
27
27
21
4
21
56
93
31
52
49
47
18
59
38
34
96
10
27
87
87
35
55
55
74
66
19
79
37
20
71
23
90
15
76
72
7
56
38
98
39
77
0
37
51
25
73
94
14
10
99
14
36
82
88
65
33
11
90
45
68
86
85
21
92
38
87
14
25
97
35
39
2
35
18
100
31
43
35
16
8
47
25
63
43
40
72
73
73
88
44
93
79
50
13
8
39
21
77
7
22
38
50
24
63
16
67
99
28
11
47
59
91
63
19
56
87
18
12
53
32
59
44
43
71
21
66
43
53
18
30
3
22
27
71
28
91
38
33
5
15
17
83
57
43
51
39
12
56
10
49
12
22
11
43
65
59
44
71
70
53
98
70
92
100
23
27
83
36
4
99
0
68
73
85
33
97
31
65
46
72
93
66
85
87
84
62
14
55
1
78
2
51
91
62
75
54
51
3
6
48
13
14
17
64
75
33
73
94
35
96
77
18
6
10
42
15
57
84
52
5
70
0
73
91
7
60
55
43
22
12
13
17
0
61
45
9
76
85
96
15
89
46
90
6
55
62
46
52
27
26
5
45
35
67
27
13
70
8
61
60
63
90
10
18
26
17
94
65
56
34
81
55
76
27
89
22
80
15
69
35
27
33
48
96
82
81
90
34
54
89
13
24
73
26
54
7
85
31
48
67
84
31
6
73
19
8
16
0
36
56
36
27
85
40
10
80
92
11
55
1
17
20
13
64
42
43
70
100
74
43
58
94
16
89
52
64
44
63
88
69
92
93
77
54
98
76
36
90
68
95
88
47
4
24
8
2
23
52
78
26
39
70
53
44
88
99
9
10
44
26
36
34
36
60
83
77
78
82
62
49
5
78
4
87
86
54
57
15
39
45
6
88
87
43
14
32
66
95
21
87
86
48
0
96
26
56
23
73
63
65
87
20
35
38
97
0
63
62
65
75
17
82
88
29
24
13
49
26
96
81
93
10
96
10
31
94
35
66
19
35
40
80
91
12
26
85
12
73
84
54
55
59
44
90
30
14
83
95
100
48
0
85
74
97
26
29
11
83
50
38
58
87
97
37
97
46
29
64
45
30
4
40
89
35
79
41
40
10
27
8
66
7
87
58
44
21
75
36
80
40
78
38
58
62
98
93
96
98
36
96
64
25
28
23
96
60
89
29
34
31
8
15
69
16
73
78
10
25
76
38
44
76
0
97
88
24
61
46
19
50
73
51
83
61
51
90
10
79
17
75
80
49
20
19
95
71
18
91
94
65
49
31
93
34
59
9
61
34
75
41
17
23
12
97
45
29
88
71
55
86
95
81
31
96
28
49
71
99
96
26
13
84
74
62
30
49
30
47
8
66
80
3
63
83
77
16
30
77
100
63
16
97
63
44
59
83
78
41
64
92
36
94
2
36
36
96
34
67
15
9
44
61
42
89
43
57
52
94
62
94
36
32
32
48
13
88
67
98
5
77
0
10
57
79
25
18
63
10
73
71
10
49
57
58
30
79
66
13
2
5
18
93
66
78
26
28
43
40
100
81
55
37
26
36
93
70
17
96
71
23
82
29
97
2
74
77
75
52
14
77
59
71
25
53
46
91
59
37
20
69
20
26
7
60
66
46
18
41
3
18
10
39
47
17
93
85
65
6
29
73
91
97
60
3
94
20
18
8
55
40
3
59
24
48
25
36
34
94
20
21
47
81
90
44
46
46
49
56
29
30
53
39
46
78
56
40
91
100
51
70
13
26
26
82
10
29
38
91
0
89
45
13
94
87
21
63
6
37
12
10
77
39
84
90
31
41
87
17
99
98
83
21
40
8
74
25
61
12
60
24
31
11
53
3
3
85
15
23
10
27
0
20
45
38
21
24
26
60
77
43
85
41
90
27
16
51
22
82
17
6
11
32
67
28
15
31
93
12
4
40
96
29
61
49
34
31
96
9
29
7
7
36
89
23
99
8
82
66
30
70
29
34
88
10
90
18
66
21
20
47
10
98
78
23
22
9
34
61
90
53
23
92
70
22
48
15
96
71
75
79
67
85
31
96
10
51
48
16
83
8
69
5
12
72
36
10
45
12
50
23
39
63
3
91
20
99
38
85
15
49
91
94
9
25
16
85
82
12
81
56
57
44
60
27
98
71
41
77
82
90
22
0
10
84
81
46
60
42
21
49
51
80
1
23
99
96
64
11
50
21
91
77
63
88
18
22
38
38
49
35
1
83
55
54
8
69
79
81
12
10
87
57
47
74
98
22
25
12
37
30
52
65
39
71
76
1
28
23
11
79
63
89
12
50
16
26
54
68
92
67
99
5
44
12
10
67
67
53
6
93
94
16
51
67
91
28
27
8
17
91
4
96
2
46
92
32
57
10
9
72
72
2
40
82
3
5
89
30
52
47
12
15
78
56
58
42
52
15
48
39
99
58
4
36
76
91
100
82
86
78
67
32
66
46
58
84
49
41
73
89
42
31
25
28
76
32
47
100
54
65
59
3
34
31
73
21
11
91
91
83
52
19
10
71
8
32
77
88
42
44
90
54
1
64
69
25
0
3
59
34
12
14
42
1
5
7
84
91
85
95
20
29
21
4
19
70
89
4
61
79
6
82
22
41
85
32
56
68
8
74
28
62
99
66
6
51
73
78
56
76
97
86
96
54
25
3
87
39
0
0
67
15
84
13
12
5
13
45
100
22
68
87
76
59
85
97
89
27
47
26
55
23
73
89
27
89
94
33
33
44
63
83
72
20
45
65
20
92
48
14
32
61
58
57
3
65
15
44
48
24
0
94
66
69
29
6
26
5
44
66
31
66
11
14
52
52
40
3
88
21
45
86
79
6
62
36
16
42
31
63
72
67
7
29
74
100
43
19
87
54
87
82
67
92
78
81
39
8
35
68
94
44
22
46
84
53
13
93
89
91
44
54
92
78
54
79
40
22
10
55
78
21
85
18
26
24
90
41
70
39
90
98
82
14
44
28
23
83
56
62
39
91
91
2
100
50
64
12
14
56
91
23
67
82
91
83
98
73
71
15
6
97
100
60
33
43
75
62
81
38
25
31
97
86
95
74
90
69
13
15
78
100
79
14
82
93
96
54
32
52
47
48
34
100
73
54
50
20
47
37
23
39
18
87
58
78
4
100
5
84
85
70
42
53
25
46
34
94
86
20
3
0
93
13
80
3
63
40
70
90
33
47
52
55
59
58
70
50
90
40
88
43
58
43
1
1
61
10
89
95
90
28
59
52
18
64
83
10
80
27
57
23
97
64
47
13
63
10
1
83
58
91
66
95
48
16
79
29
97
55
92
66
96
13
63
28
35
38
42
46
93
76
92
3
53
81
54
31
39
19
64
47
52
19
14
93
17
51
47
36
4
33
52
55
16
99
2
52
40
19
13
5
13
45
18
20
72
22
60
22
77
38
82
97
73
70
25
13
78
25
84
58
87
88
64
80
78
0
80
97
6
25
40
22
30
68
56
81
12
62
34
72
57
51
78
18
68
95
72
38
99
47
40
12
70
33
35
79
95
21
57
22
75
19
11
79
17
31
0
49
13
30
31
76
98
13
84
40
45
3
32
73
7
5
84
64
16
94
85
37
88
98
48
52
51
93
50
88
93
14
0
1
3
15
58
3
17
99
61
51
5
31
41
75
90
94
48
38
90
70
42
9
87
18
94
62
16
78
69
49
41
79
49
36
45
22
3
68
94
48
75
28
28
75
87
68
34
89
32
46
93
63
89
93
58
56
74
17
86
97
26
79
55
54
78
9
9
57
48
76
76
58
96
25
62
14
11
3
1
82
35
22
79
89
39
95
81
50
58
92
61
80
56
26
29
13
46
1
28
86
9
12
38
54
39
9
49
35
64
52
88
75
68
71
56
52
79
86
40
59
98
71
58
49
85
38
36
3
90
17
45
98
63
38
43
5
20
43
4
23
95
94
14
58
11
81
41
33
100
4
84
35
88
82
40
13
72
73
74
86
18
54
65
11
97
90
52
93
76
87
46
96
15
19
94
30
32
47
46
41
89
78
21
34
16
37
79
2
43
42
53
22
69
11
96
22
70
84
4
59
39
20
25
45
88
62
21
68
44
6
26
82
82
20
99
71
8
23
87
28
24
38
18
46
42
8
59
43
31
67
94
38
52
31
14
23
3
57
47
6
56
97
85
31
50
87
6
5
17
42
8
61
41
26
28
13
68
96
5
33
64
98
68
76
35
12
75
5
61
31
27
27
95
71
69
96
59
48
84
79
81
79
78
83
12
34
59
98
56
85
10
40
46
53
7
27
60
90
77
84
89
44
96
48
88
42
80
19
25
94
1
90
60
3
62
93
73
3
75
62
80
52
24
90
87
86
96
77
25
25
39
51
73
93
74
8
85
9
87
84
64
77
17
26
55
48
43
99
69
25
2
39
81
59
15
76
29
8
55
25
2
38
93
36
19
38
47
7
71
60
46
66
57
62
63
41
27
96
22
38
96
89
58
31
57
20
36
62
79
66
35
43
47
96
83
68
3
89
3
23
79
27
11
79
90
82
45
39
82
91
88
9
97
80
52
17
59
20
22
0
25
30
20
15
12
58
40
87
4
3
60
78
47
93
97
17
81
56
73
32
76
23
43
50
53
31
17
21
14
19
69
92
61
2
22
39
9
18
75
35
14
12
36
8
68
48
35
73
61
1
88
94
24
48
3
1
62
63
44
18
81
11
8
51
9
94
23
57
26
72
34
3
40
6
30
27
34
96
78
61
83
80
24
77
57
83
94
41
23
24
97
43
31
53
31
40
73
96
65
7
89
39
84
46
36
59
19
53
26
23
5
68
21
43
46
30
14
46
43
19
25
32
88
92
41
77
2
71
48
80
6
78
17
90
22
100
44
51
45
5
58
88
90
37
25
24
93
38
12
79
64
24
93
63
43
81
69
74
9
54
89
56
67
19
7
12
54
25
57
26
28
56
77
50
43
59
86
44
64
64
20
96
74
35
100
23
83
83
93
96
24
78
76
66
71
10
92
37
97
52
77
90
87
4
62
72
87
54
29
37
21
11
77
73
19
69
42
42
75
3
74
54
45
42
13
5
86
11
91
50
19
64
10
81
81
62
91
8
54
14
67
87
31
39
11
28
5
32
60
71
76
74
66
57
79
21
1
33
29
62
58
10
83
3
85
96
48
4
57
16
51
38
100
47
16
77
89
1
40
76
34
4
80
23
61
18
75
30
34
38
30
43
22
84
99
11
86
94
25
93
100
42
63
13
13
69
19
12
53
30
28
30
98
95
37
57
60
56
77
45
26
64
36
19
48
11
20
61
37
13
60
16
72
48
35
77
43
87
23
44
42
92
25
93
17
22
47
34
87
7
20
45
4
31
16
32
14
87
6
100
74
23
12
94
98
2
7
22
31
21
59
26
90
34
58
11
57
2
40
89
60
11
85
58
97
32
87
86
29
29
81
57
15
3
60
35
96
12
20
17
32
33
56
4
31
13
9
85
42
100
99
92
89
89
53
77
18
1
69
50
69
5
94
24
80
65
18
30
33
18
95
6
49
62
43
66
98
56
33
47
3
54
59
95
80
57
15
38
2
38
84
30
40
52
47
58
0
45
10
81
49
95
59
100
18
95
43
93
36
44
22
27
39
23
0
95
96
48
25
52
5
59
85
26
30
1
11
34
7
53
37
56
47
40
39
86
21
45
3
18
82
66
48
65
98
93
44
83
100
92
95
16
69
2
63
62
44
33
61
18
33
42
4
17
30
66
9
4
49
60
41
77
70
45
43
5
76
62
49
70
88
6
50
10
77
65
35
69
77
84
56
37
8
76
93
48
53
24
32
28
11
72
51
83
9
99
87
63
83
51
96
86
36
40
31
63
4
59
22
46
4
11
92
33
39
38
31
49
31
47
30
90
39
69
4
8
36
85
76
11
48
82
21
20
90
92
5
84
15
54
20
2
36
87
68
75
72
94
94
52
78
5
8
83
87
59
97
7
69
62
56
11
49
63
99
50
38
54
90
97
53
96
28
5
41
35
72
10
2
28
31
67
18
97
32
14
87
90
23
86
3
67
31
26
18
75
46
56
75
23
94
52
48
27
95
30
17
89
83
94
74
40
15
78
73
90
94
87
98
10
90
91
60
78
79
62
89
75
43
69
80
33
50
65
99
96
6
91
71
16
86
86
86
2
54
92
99
30
80
41
3
65
33
47
82
59
34
45
93
97
66
56
80
23
43
68
85
22
90
49
44
84
65
51
92
46
28
98
30
80
82
78
62
44
65
9
74
57
58
85
73
29
87
50
26
62
83
46
74
8
92
57
5
41
57
78
48
30
42
90
83
14
15
79
13
81
49
39
98
62
94
69
70
21
47
42
47
78
53
85
66
57
2
50
44
90
39
6
50
16
65
95
52
15
94
19
93
52
32
33
90
59
83
65
94
21
18
42
91
34
14
98
84
31
67
84
27
8
100
90
16
37
61
100
0
3
10
58
85
45
74
91
85
94
63
62
61
95
86
93
97
79
88
2
24
17
56
71
92
50
87
59
60
52
82
26
69
76
85
38
45
0
62
99
11
61
30
68
60
79
56
48
38
43
71
3
38
20
11
12
27
81
9
27
95
65
99
74
0
26
12
9
98
90
69
61
58
33
73
69
63
76
47
74
99
46
11
45
24
74
85
21
61
31
88
0
82
4
15
2
72
39
98
32
79
70
29
87
29
51
4
87
0
97
83
31
27
51
80
55
89
33
85
12
34
40
17
3
52
24
70
36
29
81
94
8
18
45
92
58
2
65
30
69
17
40
16
49
89
10
90
25
33
42
44
8
40
96
21
58
65
93
61
49
34
77
68
49
66
45
35
78
52
69
22
68
37
93
63
54
72
28
67
46
38
14
2
52
34
21
61
99
1
36
31
45
42
43
33
43
24
54
26
79
53
27
88
87
58
27
30
41
89
98
8
92
28
14
58
72
66
62
82
83
81
8
60
91
11
54
49
75
65
82
34
72
39
58
42
0
84
12
67
67
67
83
87
98
66
74
26
46
88
66
6
16
80
73
65
97
65
80
12
56
80
57
41
33
99
63
66
78
14
53
71
43
32
84
70
54
77
69
38
58
96
51
42
94
43
7
2
54
24
22
78
8
5
52
96
54
31
20
18
41
31
51
74
68
15
39
65
54
0
13
79
90
13
92
75
5
91
18
94
1
47
6
22
60
59
11
76
85
63
47
44
64
31
43
40
87
75
84
84
49
71
11
90
36
96
37
64
99
54
79
76
56
76
48
34
18
16
70
74
39
25
56
72
58
51
31
51
6
53
6
40
51
82
55
73
12
15
2
94
44
22
23
33
89
84
9
84
2
68
16
95
18
84
41
80
29
39
92
79
20
59
5
69
98
97
50
94
35
40
54
21
52
100
2
63
3
69
37
82
88
20
36
74
14
74
92
64
28
75
91
87
8
90
86
99
29
58
95
28
4
82
64
57
17
24
62
89
84
47
26
88
87
52
80
84
89
71
28
21
59
89
21
11
12
70
37
44
27
23
50
34
49
32
5
91
47
84
50
95
8
95
94
76
8
97
14
34
31
66
64
79
54
82
28
78
22
49
50
59
4
88
0
89
79
59
4
12
9
27
43
36
97
70
22
58
26
38
77
100
8
12
77
70
15
42
15
34
45
53
24
68
71
95
87
74
65
14
49
100
79
0
85
27
8
26
54
78
49
54
81
49
95
14
61
43
42
37
57
43
67
30
8
22
57
71
36
43
15
97
12
65
99
19
1
55
98
9
36
16
58
26
20
40
27
46
21
5
28
73
3
6
73
11
53
60
67
62
16
22
99
27
45
19
0
82
42
59
4
89
97
32
98
67
91
46
3
38
92
65
46
53
43
48
1
53
23
72
56
36
97
56
38
73
39
21
60
65
44
73
94
29
31
63
26
68
72
89
90
12
83
30
41
66
66
6
1
100
49
37
51
15
51
20
58
82
16
73
98
49
29
41
44
78
19
60
97
11
13
30
50
3
11
80
34
24
53
87
48
69
75
15
31
40
21
98
6
58
70
52
52
39
63
97
68
74
76
52
71
81
81
19
69
82
87
97
43
71
73
79
3
30
58
17
41
100
91
69
60
88
41
92
68
91
11
53
65
3
42
35
66
36
14
35
71
80
43
28
13
12
89
10
43
49
22
100
23
42
38
65
88
5
79
16
17
62
29
75
44
32
5
96
57
89
100
6
24
50
55
1
63
64
62
61
2
1
97
77
36
95
49
6
23
71
83
55
95
22
7
20
62
22
1
19
18
82
63
44
65
54
42
68
12
100
56
67
65
45
63
73
62
31
57
6
8
18
61
81
3
86
86
45
54
82
51
66
1
42
60
39
38
0
96
8
15
84
14
55
60
24
82
16
35
20
18
74
27
7
53
1
38
68
37
46
22
66
80
38
86
8
16
5
85
54
51
60
47
26
98
54
3
8
5
62
8
24
83
45
33
47
92
33
13
24
35
92
90
17
1
85
49
14
93
29
96
67
1
90
77
44
94
63
90
10
82
82
20
86
77
96
13
100
66
30
34
97
89
50
45
3
52
4
69
39
4
13
42
84
98
63
88
68
77
2
75
39
11
14
39
5
50
66
8
2
4
34
89
55
68
21
99
59
40
33
73
24
73
88
99
51
4
59
91
71
10
89
44
14
39
71
76
24
24
47
62
59
68
92
77
2
93
93
64
88
36
72
5
63
0
31
16
70
50
18
48
12
31
69
96
29
40
73
74
84
87
11
40
41
48
20
7
94
95
77
47
48
98
44
32
89
16
76
1
23
64
4
13
70
11
28
54
38
16
4
82
47
63
93
10
86
34
33
95
25
