5000
1
99
65
91
95
51
68
12
78
38
18
6
15
52
62
82
19
15
41
16
32
70
2
36
99
41
64
24
88
41
46
20
15
63
41
11
2
10
15
15
67
74
19
62
95
6
2
89
51
53
58
50
25
92
18
96
33
93
81
21
28
7
100
51
8
55
7
36
5
53
2
46
54
91
11
97
32
7
40
78
51
46
92
6
59
24
66
81
82
26
91
72
45
54
66
9
70
99
68
53
19
36
39
79
74
36
90
16
90
35
88
65
35
41
57
91
15
93
76
42
49
28
40
46
68
32
78
91
17
62
91
25
46
62
4
88
50
32
79
64
20
94
45
75
77
86
6
19
60
23
51
87
100
17
82
86
50
21
97
12
4
37
76
41
78
98
32
32
54
96
39
72
9
20
32
51
81
34
48
33
87
80
50
41
71
89
11
57
56
29
25
49
18
75
78
20
62
93
19
71
83
3
57
37
73
47
38
95
61
62
7
57
68
51
43
3
28
13
99
32
28
85
79
91
73
97
50
32
55
5
83
11
37
0
46
21
57
92
14
71
93
20
59
12
69
47
88
23
79
45
69
14
47
52
38
64
62
99
50
71
93
81
72
64
96
25
10
54
71
70
98
38
68
34
96
34
4
93
40
30
84
43
36
76
67
11
50
34
13
39
77
51
15
13
87
20
2
25
11
17
48
22
63
4
37
67
80
9
57
9
20
0
92
80
10
6
72
1
42
41
81
36
32
49
67
76
53
62
35
25
73
50
14
23
15
61
32
27
5
48
40
54
82
32
80
28
94
18
53
25
34
80
24
41
92
53
76
70
27
91
66
27
1
35
72
11
65
88
43
9
82
10
80
55
84
19
1
16
30
52
39
72
94
95
6
26
18
26
88
59
31
61
70
72
62
89
79
2
50
40
62
0
52
40
15
84
2
59
0
62
76
59
32
44
11
5
98
79
65
80
6
76
71
4
50
52
50
5
62
34
76
43
91
97
27
6
34
48
13
57
82
78
8
45
7
62
75
2
73
74
63
41
85
49
56
12
28
59
39
10
62
80
32
16
31
33
1
0
4
68
23
24
85
74
21
5
90
4
10
87
35
48
57
91
80
63
38
83
36
67
59
86
64
61
25
6
34
72
17
67
16
27
49
79
11
100
49
69
40
44
62
99
80
100
10
89
30
14
26
5
80
20
51
64
47
29
72
54
13
25
18
86
98
62
24
21
87
86
5
64
55
90
14
9
20
9
97
48
2
11
29
92
85
4
85
64
96
2
48
48
34
30
64
54
41
58
38
16
83
9
13
17
35
99
36
99
60
91
71
16
42
22
35
20
50
93
51
96
59
88
94
95
32
29
82
47
55
81
13
80
97
42
75
85
12
99
58
40
41
70
76
48
63
64
1
74
35
55
99
43
66
92
85
15
80
85
96
75
94
30
48
79
21
28
93
29
25
24
49
76
54
15
59
94
72
65
25
33
29
6
31
50
11
43
84
44
15
29
29
5
60
95
64
39
81
26
19
72
8
92
13
38
98
39
59
97
75
77
79
71
32
2
59
46
61
88
51
44
36
9
21
59
86
53
50
0
65
80
5
43
81
75
70
73
63
18
54
82
1
26
17
11
85
100
89
53
75
21
14
59
89
20
40
1
73
47
91
73
61
75
85
35
76
89
11
11
76
73
70
98
21
49
78
38
64
48
3
71
68
92
2
35
74
8
87
43
40
93
17
62
30
28
76
47
78
34
34
41
3
74
59
9
8
21
63
98
33
20
22
59
31
1
55
82
37
10
17
73
5
53
60
72
48
74
65
55
53
61
91
6
46
15
85
66
99
91
17
23
54
76
4
60
68
66
33
72
60
60
53
56
9
81
17
90
60
58
91
98
22
17
1
4
3
25
44
66
34
66
4
74
50
10
76
13
93
87
70
4
5
36
11
63
65
31
15
24
60
41
91
2
80
63
16
72
48
48
98
58
80
36
40
86
94
11
44
2
71
6
32
29
53
93
87
51
41
86
26
49
11
0
66
9
6
61
42
26
68
30
91
25
23
73
17
16
21
47
94
67
23
64
2
67
13
44
15
81
5
74
43
22
76
74
59
22
67
13
88
24
20
38
92
41
36
8
2
51
23
67
40
46
77
84
100
76
70
74
6
20
16
76
6
8
25
94
33
81
67
58
97
27
70
18
100
74
65
40
53
16
55
16
62
30
15
17
72
12
30
21
37
88
77
77
64
12
9
57
59
22
8
56
41
1
51
78
22
38
79
62
88
33
46
82
39
81
54
57
82
69
98
65
23
60
15
62
6
31
41
8
45
33
49
22
33
95
26
97
60
81
29
0
90
33
95
65
73
0
62
27
85
82
26
28
89
76
89
21
84
24
83
50
31
89
57
92
89
61
81
34
98
35
74
33
31
89
56
74
41
4
51
22
98
42
51
29
82
11
50
67
25
13
80
78
63
3
9
21
4
86
52
55
94
95
73
15
65
64
65
92
87
22
98
20
56
77
30
35
61
92
12
98
22
8
24
26
100
34
61
39
10
15
78
4
25
72
69
4
12
39
69
8
5
64
21
96
43
46
15
16
13
43
89
59
48
75
96
43
97
39
30
57
97
47
12
67
44
17
48
0
84
92
43
7
96
86
65
27
72
82
77
83
15
22
68
1
78
10
64
56
68
27
20
60
7
52
59
69
64
100
92
27
15
14
37
22
86
19
89
46
3
33
73
33
85
26
72
96
98
74
9
33
8
94
0
99
49
91
100
26
60
80
46
12
17
39
29
36
55
8
25
17
20
14
66
8
77
33
8
95
91
53
75
62
76
11
11
100
3
65
55
89
29
57
15
92
35
66
43
47
30
63
16
81
87
47
13
88
48
52
83
83
81
10
44
11
53
72
68
38
87
13
60
28
58
88
60
27
83
97
67
6
25
88
52
99
67
2
66
93
67
71
66
8
68
62
93
68
85
49
88
63
42
0
56
43
88
7
51
0
37
14
94
85
61
100
65
26
19
45
45
78
69
54
11
2
46
28
64
83
20
37
14
25
96
14
32
33
59
82
32
49
52
64
19
37
33
42
72
40
60
22
5
74
57
98
20
28
45
63
90
41
49
14
84
29
43
51
76
39
77
87
81
6
18
84
85
70
72
64
4
100
46
1
34
35
85
80
84
65
0
2
27
45
33
65
0
31
64
95
62
79
31
77
3
98
15
5
33
31
73
32
22
81
79
36
28
54
85
75
54
86
21
10
63
22
81
56
81
96
0
61
51
75
9
100
78
14
27
57
18
87
55
61
53
84
4
50
19
40
44
99
55
87
0
27
6
53
81
32
30
60
46
19
32
62
77
72
94
99
89
46
91
55
44
0
97
58
42
19
22
38
14
73
10
26
5
71
24
59
64
66
40
68
9
85
16
56
43
86
18
53
9
43
87
73
91
18
64
71
85
98
100
34
25
80
59
50
67
94
32
32
66
93
46
26
70
15
38
26
47
78
70
60
82
44
84
64
15
12
27
9
84
87
9
56
87
46
40
56
20
19
20
21
0
46
71
66
45
66
34
73
85
98
95
69
84
8
2
61
92
99
75
27
63
74
39
38
57
12
92
19
4
19
54
27
37
1
49
99
42
23
48
45
74
74
23
15
21
68
84
92
81
90
9
89
1
15
16
59
42
77
88
60
72
83
31
19
100
19
20
47
49
55
29
15
80
67
97
69
54
12
91
95
12
43
27
84
56
25
78
71
60
20
63
94
35
38
54
0
24
97
75
51
87
70
10
39
33
99
46
47
58
55
85
38
90
70
62
67
50
27
55
0
98
91
80
8
7
69
75
74
35
69
5
16
52
69
41
33
90
17
65
85
32
10
89
19
100
92
61
51
32
79
44
95
8
17
6
48
12
9
3
78
35
14
84
62
51
14
30
76
49
91
86
81
25
15
74
15
10
22
23
11
40
95
80
35
57
65
22
89
20
50
36
12
47
97
6
4
40
35
80
95
1
18
59
15
34
35
87
99
40
60
17
76
7
67
20
21
3
95
98
87
81
34
2
8
41
55
98
29
85
6
56
40
17
17
32
26
32
42
2
52
81
87
27
97
57
94
21
15
62
0
68
12
86
71
18
99
40
29
92
37
56
10
72
87
88
45
30
12
17
59
38
25
27
49
98
16
15
22
71
36
7
99
76
2
3
94
32
61
48
2
22
69
35
25
23
57
28
48
96
36
39
73
49
6
74
59
78
64
44
32
88
56
58
1
23
26
52
27
28
16
15
57
59
46
68
40
51
5
6
5
73
98
94
22
38
59
23
8
90
65
26
61
79
95
55
53
9
70
51
43
5
44
42
26
33
44
13
46
18
77
88
49
30
93
56
70
7
83
99
80
94
78
33
37
95
27
65
73
38
94
27
49
52
14
89
81
99
71
43
27
38
23
14
53
38
87
49
20
31
37
94
57
0
31
73
83
71
78
43
33
4
40
100
89
59
54
42
58
17
68
67
65
73
90
87
100
15
18
43
79
12
20
61
80
64
98
29
40
58
100
83
93
43
3
10
31
92
43
28
11
76
75
72
78
55
31
10
70
76
45
5
47
75
19
3
62
18
22
18
15
15
18
72
70
74
25
47
29
48
53
62
59
3
27
16
82
1
31
52
45
79
96
82
83
73
70
23
18
59
13
71
5
19
87
14
75
2
90
60
51
22
83
79
21
40
75
91
79
70
91
48
97
25
64
26
74
45
83
2
92
65
74
66
70
36
1
91
15
77
22
79
29
70
81
45
20
8
33
60
48
8
18
100
80
24
1
32
86
39
80
15
10
5
43
63
9
25
26
73
87
64
30
99
37
96
94
6
11
84
97
27
49
59
63
32
36
32
33
90
36
65
85
17
25
18
52
55
0
60
28
92
14
56
65
9
46
83
79
3
47
60
10
62
2
7
20
62
19
13
54
5
99
23
46
72
47
28
87
3
46
37
83
85
99
46
45
67
1
29
30
30
5
53
36
82
11
9
42
32
43
26
15
48
83
83
59
51
88
58
36
11
42
45
66
87
22
19
88
49
33
92
89
96
35
93
80
41
93
84
37
43
11
78
62
0
15
17
77
85
9
23
19
55
96
48
93
20
33
36
40
90
91
12
94
49
70
93
33
89
59
91
75
54
3
40
80
36
54
49
58
50
95
82
64
5
10
94
26
44
48
44
17
0
90
57
4
90
22
62
40
88
19
86
3
37
56
73
36
89
60
87
26
98
85
20
98
67
60
95
10
50
58
73
39
75
16
71
37
1
26
16
51
67
43
81
98
82
70
29
94
14
13
40
77
1
39
39
53
8
28
38
48
49
93
83
64
73
58
66
52
38
22
11
38
51
78
53
91
87
58
45
52
18
43
38
69
30
42
1
10
39
11
36
51
99
95
62
6
13
31
87
57
42
19
5
20
1
98
98
39
97
41
99
13
89
100
74
28
75
59
34
77
12
4
68
92
87
23
0
62
13
57
69
53
61
74
60
84
3
79
74
32
72
22
85
73
56
76
45
61
33
42
67
99
10
44
74
3
11
83
6
84
28
15
3
70
31
9
81
87
7
46
54
13
54
78
91
24
30
93
68
67
15
58
94
72
12
86
3
78
15
84
8
71
35
34
16
88
100
35
26
45
84
25
26
68
19
42
53
1
91
72
46
97
13
8
41
96
64
81
16
78
75
13
33
66
90
56
0
88
45
34
75
76
60
13
61
22
68
9
2
35
91
95
96
91
74
27
38
22
51
98
5
98
55
60
64
75
95
100
14
23
86
17
89
67
28
47
94
59
34
99
86
14
20
25
5
3
7
57
45
8
2
7
58
8
78
47
90
32
23
100
97
8
10
78
88
72
53
96
68
48
38
78
91
49
13
46
83
2
56
81
8
87
89
69
29
9
4
45
83
34
15
79
87
98
44
23
49
74
17
98
54
68
60
21
68
23
1
11
100
99
12
46
1
51
44
78
10
42
4
55
29
13
97
67
50
94
82
22
62
66
10
28
89
3
32
22
66
90
45
14
77
85
96
36
25
90
92
42
71
51
52
31
23
99
95
46
40
19
90
65
100
30
12
79
72
36
92
12
53
25
81
52
88
88
17
28
15
40
79
37
79
48
25
1
68
0
37
27
19
93
52
79
88
22
49
31
14
40
43
0
93
27
22
30
33
75
44
76
53
55
44
35
15
34
10
12
94
26
80
96
94
28
6
93
63
86
33
23
5
83
62
93
44
96
44
44
46
50
33
21
1
37
33
63
7
78
82
99
75
5
72
91
25
70
79
16
74
100
85
47
63
73
37
70
27
87
36
54
0
64
71
33
87
96
80
2
31
89
87
86
6
65
85
82
95
95
25
91
8
8
53
55
20
19
48
18
29
93
82
89
18
86
6
22
43
22
55
75
99
42
12
0
42
8
42
67
82
26
93
42
37
8
17
64
57
88
83
59
61
28
90
65
35
84
12
10
45
35
99
49
86
68
13
67
92
18
28
53
71
55
80
19
89
58
56
71
77
8
24
45
29
96
82
62
80
49
74
96
7
72
63
8
53
89
33
17
17
49
28
50
42
17
61
44
36
8
31
82
29
65
72
55
40
72
79
3
19
4
89
43
50
60
45
57
24
94
73
73
62
95
61
90
95
45
44
19
51
78
83
54
11
46
26
69
70
60
32
52
33
82
98
42
90
11
46
31
54
89
7
61
26
91
71
74
49
59
13
32
50
17
65
83
47
67
96
17
3
95
1
95
46
7
99
9
27
29
60
72
100
56
45
97
25
93
10
53
3
17
71
83
82
97
1
24
86
12
31
9
24
2
14
97
89
52
28
97
3
88
43
77
80
60
59
52
13
11
39
23
31
64
87
82
29
6
69
10
8
17
29
58
81
9
12
71
18
69
35
28
97
8
23
33
44
60
19
36
85
58
73
55
38
70
38
100
92
33
93
67
20
56
63
75
15
73
16
27
83
34
50
69
70
94
77
51
51
51
30
76
28
30
38
70
65
30
17
30
11
16
27
22
77
37
62
50
29
65
15
39
6
84
10
46
80
27
7
43
43
91
45
55
69
12
50
39
31
22
18
53
26
35
48
62
66
4
77
84
72
53
87
17
41
48
42
84
0
54
90
72
94
56
57
35
91
21
23
91
68
27
28
22
92
55
32
100
77
48
51
42
83
100
77
12
73
9
20
42
90
44
64
50
17
14
16
97
21
18
9
19
56
3
94
44
27
33
73
51
55
51
73
58
75
33
28
5
3
85
38
62
59
28
16
41
20
39
9
65
47
37
31
80
92
6
16
75
13
60
23
46
25
56
5
29
6
12
28
43
5
40
77
52
4
24
64
78
68
94
47
98
24
80
43
35
7
90
99
3
13
9
84
18
93
96
98
94
44
19
1
27
78
76
86
68
13
80
92
57
50
57
43
72
10
4
7
0
59
2
18
53
91
20
62
42
54
19
56
50
25
57
56
64
68
88
44
8
55
31
94
17
34
71
9
3
98
88
60
77
75
30
81
79
79
91
76
22
38
21
46
69
54
77
64
7
50
78
15
66
73
29
83
23
35
99
11
32
57
4
57
69
99
65
14
86
86
15
94
97
70
95
0
46
18
49
31
44
62
15
32
97
96
87
29
3
69
88
89
9
56
22
64
20
91
0
36
88
42
60
83
90
14
3
21
89
71
95
97
13
58
64
97
100
62
66
43
36
31
48
88
8
90
65
14
41
79
33
56
25
89
63
30
87
52
43
90
15
38
34
52
18
10
10
54
23
34
16
61
19
5
74
90
54
20
46
73
6
72
62
8
75
84
49
37
50
15
19
36
63
17
79
52
87
35
20
55
37
81
97
58
47
63
37
87
29
11
45
10
33
16
55
58
92
35
54
19
37
9
24
16
92
75
8
58
53
91
58
2
17
22
32
48
35
44
92
68
8
3
47
40
16
20
17
1
76
6
89
10
97
44
36
74
47
12
2
65
30
70
100
97
16
46
37
76
25
95
87
91
85
34
11
33
50
83
65
26
94
52
40
43
50
96
97
17
45
57
65
26
55
82
36
19
9
100
86
31
66
62
7
1
19
83
29
59
75
13
17
5
84
68
15
20
21
8
4
32
2
78
51
71
85
88
71
87
22
20
1
29
58
53
81
57
81
0
14
90
77
85
13
14
24
56
83
28
59
50
8
75
73
98
98
40
16
77
55
49
98
98
42
44
35
68
86
53
82
75
39
35
8
100
36
55
51
36
87
13
40
94
22
25
99
9
89
87
96
22
5
60
76
66
12
87
83
99
71
50
53
48
37
77
33
16
69
11
56
87
62
66
97
30
56
23
44
38
18
21
32
65
33
12
53
75
88
72
27
58
18
71
36
38
5
49
4
25
29
98
86
36
29
51
61
34
4
30
83
9
45
9
40
23
57
15
1
100
78
15
19
18
38
5
0
43
62
63
29
63
67
79
87
98
75
96
71
40
23
68
43
65
62
33
81
21
65
12
23
66
59
24
54
72
32
41
100
97
55
84
73
54
3
40
88
38
78
37
57
28
90
13
52
57
60
83
43
34
97
81
33
0
79
65
66
47
67
98
16
86
55
16
20
35
91
66
54
52
84
75
100
59
40
29
98
30
96
56
27
26
46
97
54
25
20
2
75
25
13
4
88
4
56
13
69
53
54
68
76
7
80
36
14
79
83
57
55
34
66
89
91
57
11
59
18
13
76
97
25
43
92
96
25
48
83
96
67
17
46
90
98
32
86
90
47
98
46
37
59
47
33
46
29
19
33
20
66
54
85
80
34
82
84
54
71
1
68
65
75
35
23
42
68
64
8
43
6
33
97
75
39
45
10
26
28
58
14
62
11
24
69
39
88
54
20
87
40
4
2
33
90
83
34
81
38
91
37
34
54
31
98
16
46
31
90
45
46
49
2
2
4
26
42
52
37
49
5
53
73
95
84
51
80
32
65
32
11
21
16
47
82
55
26
45
4
82
32
73
74
41
38
47
34
97
44
66
83
23
29
28
87
7
38
88
57
10
32
0
24
53
25
12
64
73
73
37
24
78
50
90
17
70
50
64
97
79
20
54
50
56
79
6
96
56
46
74
24
20
47
13
56
79
87
98
89
2
53
44
65
40
4
17
68
2
58
54
6
18
38
32
22
15
9
100
37
48
18
74
39
39
30
87
96
13
46
28
14
49
50
51
88
63
26
36
60
73
88
11
54
75
6
94
32
70
87
8
66
61
38
68
22
34
69
72
49
46
47
44
86
89
57
72
79
65
66
78
43
79
97
98
89
18
14
39
52
12
45
14
23
50
4
74
95
29
24
62
41
33
95
76
99
18
80
15
74
89
24
37
44
36
37
7
11
36
55
16
49
8
11
41
47
77
78
96
21
3
71
44
0
89
31
23
47
67
90
11
37
37
74
96
69
41
69
93
82
57
82
85
95
48
9
6
34
1
25
2
96
39
69
57
44
56
39
98
71
56
39
14
28
95
73
2
36
55
14
27
100
89
59
43
19
35
8
26
65
100
78
18
19
79
7
48
33
50
28
5
73
66
87
82
74
22
92
42
82
28
60
11
35
75
62
67
42
47
38
33
63
77
68
90
66
3
42
35
31
14
5
5
37
86
16
5
19
6
16
92
63
58
44
49
32
15
21
31
78
29
5
17
57
69
55
24
36
44
25
28
58
71
37
78
22
0
90
50
55
91
67
70
48
22
20
64
19
11
98
96
44
81
23
14
63
80
57
0
52
94
73
92
28
58
30
72
52
43
80
16
43
80
13
62
70
53
77
12
9
72
84
1
62
4
75
13
93
84
93
75
86
51
18
100
12
76
22
73
90
39
1
37
14
31
47
89
80
12
99
3
80
91
90
54
96
100
11
79
72
61
7
78
61
73
1
72
17
28
51
25
94
77
83
40
68
90
56
76
75
25
45
16
42
91
68
63
55
74
0
89
99
74
71
7
87
100
25
89
45
62
72
28
44
24
80
4
79
2
82
11
7
13
63
21
27
35
89
36
72
36
6
27
22
36
7
10
70
55
99
90
68
60
89
95
40
96
93
38
56
63
99
67
79
22
1
57
95
64
40
89
23
53
79
96
21
40
8
51
71
53
16
58
0
86
28
42
41
31
93
58
30
74
1
80
60
97
13
77
16
78
13
59
22
53
10
32
88
45
90
0
34
80
58
40
44
39
36
17
65
43
10
74
27
42
73
77
76
60
92
63
77
41
95
85
88
80
29
32
10
92
40
4
86
74
81
4
12
82
31
50
34
78
36
1
39
50
96
7
4
26
42
58
74
91
10
46
100
49
89
45
61
36
49
89
95
28
51
98
0
92
51
20
71
90
72
76
14
2
25
70
88
32
59
100
57
39
78
99
85
48
20
44
16
30
66
1
44
71
48
33
29
16
2
81
42
69
83
36
36
65
21
6
16
89
8
85
41
27
61
64
40
22
13
19
97
24
53
52
32
99
28
0
56
10
88
19
81
9
37
72
2
100
43
32
49
40
81
94
13
60
96
12
1
96
85
7
100
33
31
60
49
32
15
54
27
9
9
60
51
96
1
23
84
56
72
52
31
65
7
77
86
0
81
69
63
27
54
78
42
62
30
64
5
64
2
44
1
49
38
85
17
12
59
13
47
88
77
76
33
7
20
78
21
41
83
24
88
9
4
80
67
73
80
59
85
76
63
3
30
79
67
48
4
6
53
49
86
7
43
31
52
6
96
64
71
73
8
90
9
5
56
13
55
9
6
56
79
1
38
70
22
21
23
61
11
56
54
48
22
84
83
58
32
76
15
57
43
51
29
25
90
43
8
15
35
93
74
44
16
17
18
44
44
54
12
44
55
79
48
31
12
69
14
18
56
34
40
35
18
76
23
23
39
24
50
3
50
92
80
0
99
95
64
70
56
7
16
13
70
43
48
84
11
48
89
74
65
61
67
34
49
85
5
93
46
18
67
1
83
59
79
53
91
19
21
37
4
67
31
84
24
97
37
76
26
54
99
69
54
98
55
68
81
96
73
97
39
42
65
38
85
24
35
82
65
14
56
51
77
85
53
0
37
56
32
40
44
71
54
51
20
93
6
15
39
42
15
79
55
63
23
49
34
10
68
92
96
10
17
74
66
89
10
100
96
94
85
90
59
53
89
65
64
59
10
7
24
73
64
81
68
91
78
28
62
68
90
48
85
36
78
13
80
91
66
0
11
17
94
41
15
53
64
48
11
75
47
3
37
68
44
3
92
62
17
31
24
1
80
62
0
94
49
82
93
77
50
0
63
14
66
75
49
37
97
20
98
82
