1025
1
20
96
86
38
49
73
83
42
67
63
18
33
73
30
82
16
64
57
13
85
97
15
41
85
18
37
22
62
62
76
14
96
75
1
89
51
13
2
21
34
49
22
19
42
95
10
13
64
51
55
89
65
50
54
49
62
2
52
80
30
45
43
12
96
83
18
30
9
74
14
55
95
77
64
78
90
49
92
93
3
11
78
5
77
34
60
68
80
12
25
94
83
75
93
45
73
19
62
97
10
87
47
100
31
92
82
98
54
98
9
85
79
82
2
60
77
93
39
30
51
5
10
34
45
90
30
76
30
71
70
66
96
9
56
11
74
1
25
87
72
12
2
58
67
90
11
77
66
51
91
75
68
21
64
72
46
54
66
69
71
27
40
61
23
94
81
57
51
86
40
97
49
23
39
5
44
17
24
81
84
80
69
60
96
54
66
1
48
64
66
57
27
73
8
99
52
34
39
17
87
92
97
61
8
18
76
1
77
66
7
5
34
59
95
87
65
54
84
69
78
79
42
61
90
45
78
96
17
7
46
13
17
90
33
49
87
96
93
32
46
23
22
45
9
64
68
14
92
75
42
90
92
74
1
3
99
72
59
33
91
21
16
33
70
100
57
36
93
14
78
15
97
96
78
89
68
14
46
51
26
88
84
90
50
57
51
38
23
62
42
29
54
4
44
10
53
32
89
54
64
25
34
50
6
50
90
90
77
19
69
99
87
83
21
3
32
12
32
46
87
84
91
69
42
96
92
89
57
25
59
2
23
14
83
94
79
19
9
80
98
86
55
11
93
67
58
63
55
85
27
68
7
24
53
37
51
21
91
58
64
94
31
68
82
46
40
9
69
83
34
14
91
76
19
7
88
29
14
61
97
93
94
57
90
44
40
11
66
95
30
25
66
59
75
5
89
83
51
63
26
5
67
95
18
67
24
84
59
68
37
47
21
13
100
13
0
45
78
36
70
35
64
62
37
61
90
66
54
7
26
44
55
9
64
11
88
72
91
1
88
0
16
66
12
9
100
75
61
89
93
99
43
89
21
94
39
29
53
36
63
100
60
55
2
27
71
63
4
91
52
81
85
30
57
51
29
15
83
67
16
75
65
38
62
18
60
93
79
19
98
79
47
28
93
33
53
8
65
98
41
90
13
45
4
78
33
44
41
24
53
80
31
71
29
63
17
81
30
20
22
51
96
37
24
11
7
47
84
26
12
4
75
94
71
95
99
78
88
70
22
2
46
59
30
30
14
80
37
74
20
1
32
94
51
0
99
15
13
51
69
84
16
45
21
22
36
67
72
82
70
46
73
71
27
74
85
45
39
96
41
45
64
33
28
50
82
89
73
99
65
78
55
46
36
89
72
33
32
29
0
64
23
85
38
8
91
96
54
30
93
33
97
2
57
67
53
4
41
56
1
12
79
97
97
80
14
79
47
15
43
56
99
44
36
9
68
98
37
86
4
83
10
56
94
4
75
24
95
64
20
8
0
71
86
32
90
63
73
83
5
92
38
8
92
97
54
33
92
26
92
34
7
29
15
73
98
76
85
34
4
47
59
37
64
86
67
91
82
4
70
80
31
29
23
52
83
11
95
29
25
63
44
44
9
54
1
4
8
39
18
30
70
77
24
96
96
26
12
80
55
99
92
91
61
14
23
5
45
60
2
52
40
22
25
92
81
19
91
66
45
43
51
5
39
81
47
44
37
9
94
99
55
24
72
86
11
37
94
69
8
0
50
15
55
83
26
51
61
79
25
49
15
41
92
2
93
22
80
67
28
23
84
69
83
1
47
51
57
100
96
20
16
69
91
8
37
38
60
60
19
35
25
22
6
4
81
12
14
2
45
38
26
73
2
42
43
93
53
81
2
7
89
20
0
2
14
15
38
40
90
9
100
79
31
41
48
5
68
74
36
44
27
25
89
47
52
9
83
66
56
57
3
43
67
4
63
19
68
44
89
10
83
40
68
34
43
70
56
86
24
99
89
31
99
26
87
19
79
4
30
17
74
32
27
62
72
16
48
54
42
68
16
76
44
67
83
39
13
27
55
7
15
30
18
98
80
38
86
81
5
27
69
67
85
1
56
100
89
53
46
11
97
18
98
99
28
15
100
32
47
95
11
85
27
21
21
99
75
89
76
55
19
20
85
88
15
9
67
66
38
88
49
87
34
44
46
81
54
62
4
13
40
92
3
49
76
20
22
95
42
47
39
29
35
57
69
1
81
77
4
25
56
57
60
30
89
38
23
94
34
45
37
62
40
86
9
97
62
99
95
39
30
37
54
98
61
38
28
24
88
96
29
50
3
48
42
50
92
83
2
37
6
88
51
90
