5000
1
17
19
74
48
87
69
21
75
21
4
17
62
18
46
42
71
81
32
76
50
55
53
49
59
60
55
23
87
66
97
96
29
44
23
45
22
65
65
6
4
43
91
6
96
63
15
39
78
65
70
42
37
43
18
23
47
31
75
33
79
82
16
32
24
79
38
66
21
9
85
4
79
91
34
12
69
66
32
81
73
49
23
67
38
91
6
88
72
86
92
44
66
52
99
93
31
37
42
57
36
94
13
89
70
85
66
52
21
33
93
26
10
53
45
77
85
92
16
51
38
6
77
58
99
30
27
6
16
3
40
99
36
14
16
26
24
59
20
65
25
85
97
76
72
55
40
35
57
1
97
87
53
5
24
17
59
3
64
3
51
61
12
49
19
57
46
70
81
100
9
78
40
48
95
55
23
82
19
88
34
60
12
72
30
91
17
7
50
57
53
77
55
60
10
53
20
87
18
94
3
69
76
18
23
14
37
94
72
3
69
45
96
38
100
56
6
92
87
67
97
34
7
27
13
70
53
56
40
46
10
98
7
86
17
12
11
42
39
11
32
40
32
41
54
42
16
51
16
31
54
42
97
88
81
52
81
41
85
14
68
92
65
49
62
11
11
30
21
51
28
100
89
21
10
28
10
76
42
56
33
80
3
55
41
92
63
56
95
95
63
95
87
91
36
94
62
65
50
21
11
3
99
73
25
51
67
1
53
84
18
79
96
16
33
38
82
55
30
76
53
17
51
83
98
74
98
13
10
11
10
86
88
40
29
10
70
3
82
98
10
71
7
35
85
32
8
48
35
41
49
35
4
96
43
25
67
15
93
73
11
48
90
28
76
39
27
63
23
100
14
3
68
95
93
89
87
76
27
35
6
83
67
24
21
50
100
41
36
41
100
83
60
2
64
41
77
40
11
61
47
74
45
83
98
11
85
88
74
78
76
89
15
69
33
34
3
60
81
94
63
53
74
30
4
76
82
2
64
47
87
26
10
28
53
39
0
38
10
44
73
96
38
2
18
84
33
4
80
95
42
23
84
26
95
99
36
6
85
19
91
45
99
90
70
57
85
31
84
11
96
24
14
91
35
15
42
99
47
25
21
31
39
50
60
50
92
53
51
79
50
74
72
40
6
47
32
16
85
96
31
98
38
48
0
58
12
60
79
37
14
43
85
37
45
9
26
24
83
19
45
65
13
56
100
90
38
73
51
70
26
6
97
98
26
16
73
67
77
2
36
22
89
79
90
88
99
4
96
55
5
41
40
71
64
3
51
83
81
89
41
5
0
73
37
43
92
38
10
27
45
49
40
39
9
54
56
79
66
28
73
72
4
70
74
83
58
24
5
92
96
92
89
53
61
87
0
16
59
99
83
29
93
40
92
93
71
1
39
20
33
21
78
15
64
62
16
23
100
86
37
77
93
12
53
60
5
77
47
48
55
82
11
82
1
76
69
14
93
70
92
49
27
4
74
5
58
32
81
71
54
3
25
11
78
95
94
5
60
91
3
93
35
1
16
27
88
29
0
5
94
76
92
75
32
28
54
87
33
31
81
26
60
24
11
54
62
58
69
40
54
50
62
82
1
30
69
9
25
89
61
65
69
20
5
82
85
86
51
47
95
12
25
70
32
21
51
18
76
57
7
37
18
52
35
72
25
64
22
94
83
10
79
79
43
35
81
3
85
50
87
78
19
97
0
30
55
25
21
81
96
50
60
9
96
10
55
14
66
72
72
89
91
32
45
99
22
93
86
52
23
21
76
88
44
27
91
70
100
85
65
8
53
81
24
77
82
10
39
96
54
12
100
7
70
12
13
49
30
69
35
23
17
93
33
39
58
99
38
17
58
36
32
51
44
75
62
86
30
72
7
16
77
84
64
29
67
39
13
65
56
27
79
2
91
18
42
8
2
59
87
98
91
71
6
21
55
84
69
35
98
47
31
7
81
82
57
61
23
98
12
4
99
14
86
49
28
87
8
30
36
33
46
53
15
80
96
6
60
54
26
53
48
53
76
20
57
33
82
14
69
45
35
99
85
85
33
72
82
50
26
19
89
73
24
23
29
87
42
35
77
18
22
88
15
67
32
45
87
63
34
29
53
38
74
42
26
13
63
79
67
94
90
84
100
73
21
24
51
33
28
63
27
43
38
31
93
66
30
13
56
53
21
0
68
65
44
79
14
70
51
94
52
37
53
20
96
85
64
75
68
23
97
48
27
61
91
80
30
25
59
25
10
25
61
69
90
48
29
36
49
64
88
76
52
58
55
11
26
36
9
57
75
45
81
8
22
28
18
29
72
49
93
49
61
71
2
76
55
35
63
68
26
58
71
51
28
90
65
22
9
54
93
53
5
25
31
37
2
43
20
80
89
15
18
23
51
53
17
79
82
12
96
79
51
60
20
0
36
82
31
89
14
50
70
65
92
48
60
80
5
57
41
51
38
69
14
49
31
64
73
8
22
33
25
52
69
50
47
44
38
19
70
76
3
11
2
43
42
25
89
90
36
90
86
85
28
3
53
30
2
37
80
16
2
6
72
72
10
51
49
7
10
77
67
69
2
17
0
33
30
68
66
89
41
40
17
5
24
44
18
96
40
96
9
42
70
39
55
22
20
56
99
2
57
94
46
29
33
20
89
78
45
69
11
37
81
16
20
77
38
61
35
97
80
82
50
86
72
88
70
82
92
82
27
12
28
57
87
12
57
50
98
80
72
63
31
39
89
97
71
58
10
74
36
89
51
44
96
53
7
31
43
16
16
14
33
10
28
29
66
64
63
57
86
89
26
61
88
28
0
51
68
46
94
52
21
45
38
25
92
46
99
6
39
68
74
56
98
99
98
48
37
52
16
57
72
91
8
94
66
54
88
38
21
63
55
48
37
19
66
70
29
99
71
36
7
32
39
74
80
96
89
72
84
88
68
95
93
94
96
6
95
95
56
53
36
34
95
43
19
59
83
60
31
11
13
72
88
68
95
9
36
41
28
100
72
18
66
81
9
61
25
13
42
42
96
34
24
79
100
45
21
65
46
57
2
51
95
33
87
95
78
84
17
34
80
66
73
90
39
8
30
80
22
74
43
46
71
18
76
85
18
55
58
62
54
90
28
90
96
77
33
66
70
72
52
6
39
64
31
32
36
50
28
52
19
79
62
57
83
54
54
21
83
61
47
25
6
14
92
53
85
54
57
89
48
30
95
0
3
3
90
11
67
76
33
10
98
10
9
99
55
71
88
32
53
60
77
30
89
66
43
69
44
47
24
22
65
46
57
31
73
37
11
6
56
22
72
38
30
77
26
55
53
69
64
45
67
0
44
2
63
67
42
66
53
2
15
40
80
13
24
18
23
54
98
69
64
22
39
60
22
76
97
31
28
42
22
49
72
55
49
50
56
18
57
60
60
15
50
85
68
39
63
16
41
66
11
56
15
52
7
44
77
65
69
74
30
21
25
54
42
74
4
46
85
76
18
34
14
0
26
57
61
61
7
50
58
7
35
0
48
94
53
49
78
14
60
13
5
71
92
16
8
37
94
64
11
37
20
10
55
17
13
16
29
38
43
17
85
75
50
50
67
29
24
61
70
31
66
76
20
79
23
1
24
67
91
88
49
21
69
89
81
14
26
6
55
45
94
25
17
9
99
90
86
44
32
54
65
11
73
93
38
12
90
90
60
69
44
18
70
97
79
13
2
2
84
92
48
13
44
78
45
52
8
20
50
57
40
46
60
94
91
58
74
98
61
28
69
26
76
19
42
51
35
72
26
64
51
73
97
26
82
19
83
32
86
60
100
83
66
16
32
35
100
89
74
84
27
20
23
22
21
29
34
76
58
100
15
91
96
97
62
44
33
55
83
58
12
72
44
61
69
44
66
9
44
90
48
77
79
37
25
26
2
38
8
37
79
80
64
44
50
53
92
9
72
33
24
22
43
7
55
80
64
60
31
23
91
88
73
57
32
66
65
19
67
78
80
40
18
0
53
69
26
73
7
87
20
57
4
6
62
40
76
17
18
75
29
1
20
4
51
29
69
82
100
30
5
63
90
93
14
28
54
27
63
17
45
33
9
4
57
48
60
13
44
61
11
4
33
30
65
68
74
92
52
19
80
35
30
11
44
38
59
57
50
60
38
2
23
76
79
100
30
78
54
54
65
64
38
68
50
41
44
68
33
22
45
41
57
37
46
27
84
84
87
41
3
34
76
52
51
38
5
10
36
81
93
0
19
87
57
67
54
0
86
24
90
6
14
47
26
17
28
9
37
63
50
53
10
46
12
12
5
56
49
97
38
18
79
70
11
94
12
8
16
100
65
78
43
94
99
78
97
73
97
99
17
2
97
21
32
87
26
14
7
72
64
0
65
70
25
40
71
60
66
20
40
73
20
69
55
34
19
97
24
79
32
13
59
27
40
98
10
1
70
6
33
45
72
6
58
86
0
42
14
4
0
96
54
28
35
10
38
28
10
35
34
89
12
21
78
72
45
23
49
19
55
29
96
20
73
57
92
25
17
29
87
99
78
30
12
43
44
88
92
85
70
1
85
99
97
74
30
81
69
31
97
3
71
64
41
37
6
8
2
54
18
49
5
66
27
31
79
9
48
31
34
90
98
42
56
43
19
0
19
92
29
48
40
81
9
6
11
0
33
83
36
42
13
80
70
75
75
42
85
83
89
57
9
5
97
87
64
78
4
71
25
87
2
3
64
25
52
42
25
28
27
58
13
94
48
88
29
33
28
30
20
48
65
49
95
39
31
37
95
75
82
79
74
20
96
31
42
22
93
12
52
99
12
2
17
18
71
87
25
91
98
95
10
34
47
24
98
86
66
91
86
43
32
95
39
18
11
11
32
69
6
46
36
6
0
29
60
77
54
81
15
52
96
79
26
50
13
37
42
63
1
43
90
70
2
68
45
75
53
77
70
52
39
73
69
21
98
75
67
42
81
51
78
50
81
70
45
59
59
2
48
35
19
28
18
27
50
31
84
11
6
37
51
68
16
8
8
69
60
9
56
82
37
12
42
81
96
58
69
86
23
99
18
94
76
32
68
11
53
3
0
59
63
2
23
11
18
76
98
2
73
85
13
61
62
95
20
92
79
14
27
82
87
7
93
46
93
89
39
76
58
18
20
53
68
97
60
52
16
33
49
74
29
33
75
66
64
34
94
30
91
93
40
21
80
69
36
50
94
100
27
90
26
95
6
24
82
30
38
33
46
57
37
21
71
44
68
47
54
30
47
32
43
56
88
89
67
82
41
24
93
84
75
23
27
28
65
71
24
75
38
84
14
25
19
34
88
100
92
43
94
15
38
76
64
2
41
58
79
98
21
27
30
31
73
81
99
70
26
18
82
16
69
34
77
1
92
50
27
15
74
12
79
53
62
12
72
90
82
57
58
16
24
19
28
64
75
81
11
77
1
21
67
17
42
99
30
74
60
35
48
67
64
22
76
95
73
27
91
83
37
35
1
47
14
15
44
0
87
50
76
84
44
51
10
19
91
92
33
47
21
21
99
82
77
55
42
2
8
44
58
47
31
94
22
81
81
5
61
70
46
20
92
45
73
72
1
51
89
29
92
94
25
64
1
36
72
98
12
94
77
77
59
10
5
37
95
16
62
75
49
37
71
51
3
41
69
100
93
61
96
93
85
97
24
93
72
95
67
26
95
71
32
87
70
91
65
70
8
54
20
34
62
57
19
97
26
18
91
88
66
58
17
79
20
4
75
35
36
97
24
28
73
74
18
20
78
55
98
57
15
23
88
15
87
44
3
5
41
54
66
98
89
58
49
2
25
62
79
81
33
52
96
93
81
51
34
25
55
4
85
98
93
73
0
88
66
83
38
12
81
86
38
85
71
19
85
98
35
6
15
18
30
31
80
68
48
90
6
64
79
98
22
13
77
35
13
46
28
10
71
90
2
16
83
84
32
16
13
33
99
58
56
94
92
89
22
3
43
30
25
74
21
6
11
80
97
97
88
25
44
56
13
12
21
84
6
30
54
53
7
100
24
31
81
54
5
59
27
60
83
65
25
12
4
17
56
50
52
42
76
7
68
95
84
59
90
48
39
11
93
73
79
58
16
5
80
90
80
72
47
34
45
63
61
28
19
71
30
67
46
43
14
81
37
89
63
62
10
46
25
4
91
32
78
95
89
63
67
13
16
3
54
30
28
92
21
53
72
5
4
60
4
8
8
11
99
41
12
15
73
62
67
11
78
66
83
67
10
62
46
24
86
11
42
85
95
48
24
0
44
82
74
77
5
12
55
70
34
41
58
84
64
25
10
73
22
80
65
21
8
76
28
73
47
100
25
7
42
54
89
93
59
64
19
10
56
32
2
94
70
69
81
47
47
80
62
42
59
19
45
8
60
72
42
90
53
76
28
6
71
65
6
3
6
84
15
11
78
2
68
95
49
99
25
30
18
86
87
70
77
6
80
46
83
97
86
25
95
23
48
14
72
29
58
20
91
28
96
59
49
63
4
38
2
0
16
55
22
71
42
71
52
42
28
49
1
97
82
18
38
82
70
90
9
13
90
59
70
24
78
2
25
18
50
0
18
96
55
92
74
21
34
89
53
0
3
55
53
52
14
15
25
74
20
81
78
95
30
65
79
29
8
82
91
10
14
1
57
17
30
24
39
63
58
16
69
93
45
30
11
44
81
22
93
97
0
60
39
78
58
16
21
89
33
65
39
57
81
28
99
65
74
22
41
85
73
79
50
51
55
17
59
16
37
83
83
88
62
23
64
18
91
38
79
41
53
78
50
28
18
80
17
59
99
61
27
63
97
92
21
98
54
49
51
44
90
79
16
84
7
92
64
80
22
83
59
54
17
34
5
86
67
84
20
42
11
31
22
49
6
60
9
43
31
82
20
81
12
43
39
53
38
63
70
13
43
70
92
100
55
56
63
84
79
25
58
11
26
53
87
81
33
38
40
0
44
38
98
4
51
84
86
86
88
100
31
87
6
68
68
96
88
3
90
51
59
65
13
53
63
67
49
0
69
1
66
73
29
79
63
64
34
67
61
89
61
43
36
73
52
48
36
23
91
60
85
67
26
23
98
22
48
10
26
93
61
0
1
75
6
64
75
45
39
85
34
69
69
76
22
21
64
33
58
2
98
2
24
36
67
76
89
36
38
68
23
99
94
54
14
24
49
78
21
97
97
90
52
74
88
14
47
76
48
6
37
59
63
46
66
86
76
4
92
99
42
79
77
35
71
28
79
72
8
76
70
43
24
77
21
82
54
30
84
38
70
48
52
9
8
69
28
11
6
13
77
50
6
25
66
26
22
66
17
98
59
93
53
81
37
98
70
12
79
68
92
0
96
34
57
46
85
97
95
49
68
78
52
56
7
2
100
3
92
68
70
84
1
82
73
75
14
87
81
57
47
97
83
34
36
69
89
13
69
3
35
98
59
92
30
38
67
15
50
47
2
33
83
43
29
22
19
87
45
35
20
54
92
45
4
58
69
99
94
13
38
53
61
86
35
65
15
0
63
47
55
34
49
95
18
43
21
88
94
8
32
58
52
67
74
49
9
10
15
87
88
47
79
82
29
19
28
7
35
79
48
58
72
24
5
87
83
12
71
20
22
96
76
70
41
99
99
86
97
63
87
37
96
4
1
42
41
83
38
58
6
76
87
1
16
93
64
49
85
89
93
20
14
40
15
46
47
52
9
29
48
5
9
4
32
57
73
39
79
15
42
59
52
57
2
48
53
100
7
77
64
85
59
89
90
51
83
56
81
72
34
57
96
94
53
42
2
12
36
98
76
43
55
19
47
100
67
55
44
32
19
40
39
53
40
32
71
31
56
13
18
58
2
82
53
97
40
32
68
69
70
35
8
10
12
25
14
76
36
24
65
6
28
43
94
0
0
48
67
83
25
100
32
74
34
98
2
24
45
65
63
22
52
33
11
51
52
31
68
0
100
41
1
20
8
14
45
10
68
44
65
36
0
82
66
79
40
30
88
63
5
52
57
23
96
62
81
47
66
89
55
51
74
100
97
72
74
62
28
46
85
43
23
16
46
73
13
40
45
88
32
97
88
24
51
2
44
71
42
3
99
58
2
1
33
4
28
16
35
80
94
73
83
44
83
97
74
2
42
76
73
58
96
81
30
76
91
36
2
48
79
100
11
37
23
71
72
11
88
13
98
91
9
33
84
90
95
75
70
27
15
85
11
11
81
41
40
94
1
9
100
23
34
28
43
94
94
14
95
47
30
70
50
33
33
63
85
37
95
62
81
57
75
52
30
35
76
84
8
83
32
35
24
54
24
4
9
35
45
27
25
31
16
41
10
70
22
53
18
65
44
85
41
65
14
4
47
86
88
83
91
23
52
58
82
77
44
72
40
22
79
66
26
69
19
7
94
17
9
62
78
58
62
60
80
86
75
17
83
88
60
16
90
20
34
8
26
86
71
19
7
67
77
72
63
49
18
32
50
15
41
59
77
63
38
79
70
71
65
51
18
2
19
13
10
90
57
53
56
52
74
99
18
27
78
24
62
52
70
69
25
36
50
82
2
42
27
94
45
20
61
70
99
9
67
14
76
33
38
93
23
94
68
5
96
76
94
87
90
67
3
80
15
55
34
70
21
77
16
40
2
51
90
71
34
96
91
54
42
93
71
18
80
81
33
65
28
67
76
65
11
4
62
68
43
9
90
51
78
22
24
18
90
79
12
62
2
31
35
57
94
57
76
5
79
31
16
96
81
14
82
19
55
55
18
31
52
73
75
80
82
61
15
99
98
24
14
71
97
26
24
30
26
34
5
48
13
51
84
69
59
25
4
71
72
26
77
58
76
33
51
71
47
86
61
81
8
38
7
45
43
100
67
63
43
14
89
37
100
2
2
82
69
9
65
69
65
11
22
55
60
62
51
88
63
93
1
15
70
63
5
11
12
38
18
87
62
55
77
53
12
40
59
12
74
30
8
92
59
32
98
27
73
60
31
25
14
54
11
97
81
69
44
73
37
96
86
42
10
24
14
81
13
70
48
78
17
66
66
25
44
26
10
4
71
92
77
25
14
83
55
21
18
23
6
95
96
32
39
94
50
57
71
59
47
70
26
47
24
2
11
49
84
98
59
59
41
61
26
19
98
33
41
11
36
57
67
80
44
72
42
2
14
99
88
100
31
4
5
34
35
66
54
36
66
63
59
90
35
29
10
60
41
47
47
24
11
6
31
50
31
12
14
27
20
50
93
72
56
50
87
34
1
83
91
75
57
97
6
20
99
8
1
26
98
35
56
64
97
58
96
5
51
94
67
62
14
40
71
4
88
97
6
42
13
88
13
96
9
74
8
46
86
69
29
70
16
23
12
51
84
83
61
77
96
98
6
57
43
68
58
67
68
19
19
66
17
45
25
83
30
91
81
75
44
34
37
34
64
31
85
42
35
75
47
8
30
68
90
94
44
44
87
58
28
75
65
44
52
2
16
100
81
39
11
69
71
59
48
42
24
34
61
57
8
15
72
64
66
74
87
16
95
17
6
8
95
14
29
33
97
91
2
32
60
72
81
85
58
77
29
90
30
61
45
48
86
53
22
9
22
11
7
90
71
57
53
94
79
60
87
25
7
14
6
32
27
0
97
15
57
23
97
93
18
75
36
31
11
7
54
20
67
55
19
2
99
99
49
34
58
41
99
26
19
68
59
86
92
10
79
24
75
49
4
85
33
63
92
62
78
59
28
18
78
60
97
74
54
91
85
40
56
58
68
81
30
50
23
46
11
30
35
22
27
5
89
58
94
87
50
18
78
12
75
90
9
7
31
72
1
61
70
32
32
41
90
40
32
82
96
77
33
59
17
49
33
4
16
73
57
67
37
97
43
58
88
24
46
92
18
86
94
67
2
99
19
36
80
43
51
6
82
28
97
98
3
64
5
26
42
45
88
70
56
61
41
15
86
77
19
73
79
91
9
31
72
94
81
75
5
86
27
34
39
64
95
17
34
53
96
42
98
34
23
41
61
78
62
0
77
77
37
89
95
88
85
68
67
62
71
65
35
57
86
93
93
80
59
55
83
53
8
73
44
62
75
74
74
79
55
65
74
78
34
9
77
38
11
77
44
82
66
95
42
27
76
33
3
68
18
91
53
65
82
95
61
96
53
15
75
22
21
85
88
59
77
55
33
39
96
98
56
14
49
15
60
70
68
44
53
71
47
33
24
65
15
49
90
43
27
5
56
56
97
77
83
35
11
15
52
73
31
3
61
17
74
83
92
95
61
12
5
50
45
5
82
72
47
18
54
40
98
65
89
7
3
40
9
24
15
72
73
17
27
11
88
76
94
46
82
64
73
23
19
71
52
74
64
37
61
1
95
79
23
40
14
24
72
27
50
52
19
85
4
3
19
100
59
74
52
19
69
35
75
60
58
47
12
64
17
92
18
15
5
69
20
26
68
90
39
94
84
3
41
24
92
36
86
60
64
34
72
50
83
26
66
48
79
14
95
27
96
84
41
38
81
73
15
69
87
83
34
63
25
4
73
7
96
61
3
33
46
60
78
33
52
13
2
74
22
88
91
73
94
13
88
84
10
17
57
47
32
98
89
83
11
68
56
86
80
71
29
23
60
0
94
2
69
93
10
2
59
74
38
36
9
99
63
60
62
74
17
98
46
79
94
97
82
46
72
63
38
58
78
49
49
66
86
41
21
7
47
83
23
36
43
77
85
70
6
80
40
35
92
78
58
7
55
15
67
38
74
4
42
82
2
30
37
39
79
88
80
13
62
25
95
79
60
28
46
67
51
25
77
49
25
24
41
71
10
93
59
8
16
35
51
67
46
43
93
0
100
79
3
94
32
0
62
52
78
53
69
95
83
51
29
53
0
6
88
63
48
95
33
58
41
66
25
18
89
24
69
96
30
54
77
54
34
16
43
40
49
46
9
5
3
82
99
3
12
69
92
77
43
84
37
64
45
46
90
95
53
30
74
4
39
92
72
16
68
48
8
33
28
45
20
59
5
73
91
89
98
5
13
57
88
90
30
89
70
23
99
1
45
30
39
9
25
9
58
99
32
2
11
57
72
65
15
29
5
57
56
33
35
97
11
80
26
10
4
19
55
41
48
66
18
37
48
24
47
52
24
56
8
95
10
52
56
16
69
19
33
53
37
78
90
47
64
13
87
25
84
24
50
100
45
95
83
0
35
90
56
41
84
74
56
79
32
22
70
72
39
54
85
40
63
53
76
84
56
90
54
41
7
37
83
68
3
99
32
89
67
82
6
51
38
53
19
25
94
18
36
69
1
20
17
76
5
43
74
89
99
77
23
83
20
46
27
7
98
43
0
50
91
