5000
1
17
90
3
80
22
7
45
49
23
14
85
43
59
76
94
91
12
38
60
4
69
26
48
58
92
75
48
85
19
99
37
70
17
7
56
87
76
29
27
8
32
20
51
0
46
88
8
60
17
9
49
34
73
88
23
24
86
93
42
98
6
3
97
29
59
56
23
38
25
20
77
40
64
64
96
71
81
46
52
98
43
84
19
20
39
83
26
69
38
40
88
90
89
31
6
38
55
8
18
27
50
34
47
89
2
26
24
94
88
40
54
41
28
45
61
47
8
83
18
68
24
86
9
32
56
98
20
96
82
51
75
56
49
23
39
58
15
12
8
59
23
65
84
13
88
42
70
80
42
90
38
32
98
2
15
18
71
59
4
64
87
70
0
32
5
11
1
14
37
36
17
13
37
95
54
86
38
26
93
5
46
27
73
46
97
42
27
23
16
30
1
97
87
67
15
9
36
94
27
27
56
71
47
50
98
91
76
37
68
75
63
41
20
97
74
97
1
63
13
48
87
13
6
8
24
2
86
7
88
39
49
92
8
57
31
23
85
13
64
50
47
54
74
73
7
74
80
25
25
43
48
57
87
51
1
88
61
30
13
41
42
75
86
70
38
10
27
61
47
86
7
78
36
30
79
15
86
20
32
65
70
44
56
72
70
89
1
52
69
82
100
89
56
70
84
78
95
66
85
46
8
93
9
81
97
9
25
73
64
95
78
76
27
91
20
12
88
62
64
75
95
6
79
1
75
66
53
2
36
5
84
51
97
100
30
98
17
71
91
24
32
12
47
13
45
29
2
33
31
87
97
55
34
48
81
7
58
15
93
0
6
35
85
48
81
7
89
52
27
91
72
28
45
1
86
65
92
89
14
89
29
89
32
13
64
46
3
54
15
73
21
33
58
56
27
2
85
84
22
6
57
30
35
70
83
5
15
97
31
75
67
13
6
91
20
33
67
5
10
13
2
74
12
47
45
48
73
76
51
77
67
28
8
60
82
95
32
34
5
32
7
3
45
74
24
36
79
84
85
85
73
28
21
75
41
48
83
16
100
23
45
88
23
33
24
0
45
94
10
79
87
54
92
3
17
43
67
48
39
48
58
31
27
36
5
71
58
60
29
2
65
11
11
47
44
74
13
82
22
6
48
5
61
0
87
82
49
3
63
58
32
99
7
31
22
70
60
11
74
19
62
29
91
22
57
81
9
66
53
50
46
14
97
96
29
17
72
22
5
22
35
49
32
33
11
51
90
51
82
12
52
24
37
39
97
60
32
96
79
89
58
91
98
3
56
13
72
98
6
8
67
13
93
80
90
19
46
31
10
43
50
54
67
75
55
78
22
85
83
81
85
56
55
21
77
74
94
59
97
81
67
86
64
4
29
88
49
69
30
81
61
100
53
20
11
60
60
99
68
8
35
2
74
67
82
51
1
42
73
91
62
53
71
80
63
47
6
80
38
72
75
73
42
22
1
94
31
28
59
11
93
35
15
8
18
10
37
6
29
10
50
100
20
57
48
60
75
83
32
77
9
40
30
48
18
16
7
21
61
80
71
88
54
30
37
74
23
93
53
70
58
21
86
51
76
82
43
97
0
60
57
14
66
1
21
31
39
77
50
17
14
52
81
48
77
27
58
77
51
56
29
67
48
74
44
65
9
69
44
66
38
51
21
79
9
27
1
77
95
15
20
65
85
74
22
77
95
52
63
77
50
52
87
39
93
3
82
71
70
10
83
73
11
31
95
43
34
33
63
100
4
77
23
81
79
94
31
50
87
26
89
78
23
87
70
6
2
27
84
95
29
80
7
96
23
57
64
26
65
81
45
28
32
47
3
29
4
80
93
85
58
53
97
22
50
29
75
8
37
74
84
38
18
24
1
49
41
3
6
5
12
57
94
86
25
77
50
32
0
19
31
83
0
32
98
48
96
84
66
71
62
66
71
79
7
1
1
48
29
12
53
40
4
17
97
53
23
20
59
1
58
23
57
83
54
94
76
47
70
47
27
44
8
82
32
84
17
87
93
49
52
74
1
35
38
56
95
14
60
38
2
36
58
28
10
89
11
6
0
27
70
23
49
100
12
25
14
96
69
10
62
67
18
9
38
19
23
73
91
57
11
28
2
91
29
64
28
0
43
26
22
66
73
23
4
87
33
9
100
24
50
71
60
56
63
88
96
5
83
38
25
2
37
1
8
80
97
58
37
53
68
39
40
32
54
87
72
53
30
45
21
52
19
68
41
19
88
16
78
10
100
73
13
49
77
60
54
70
30
8
9
3
97
43
64
14
11
63
49
94
31
69
57
16
12
51
86
97
90
63
28
19
43
32
39
60
41
43
25
10
67
12
57
78
60
76
21
15
5
91
17
9
6
1
69
21
31
55
14
73
99
15
48
61
90
33
77
63
46
40
83
9
70
29
19
44
61
1
75
92
2
12
21
9
63
72
52
94
52
43
37
76
90
55
41
98
87
63
25
100
95
15
72
52
95
85
5
99
76
45
65
91
86
10
90
95
69
60
31
27
64
1
1
42
78
51
90
97
11
60
20
66
43
46
79
26
76
6
88
72
90
90
7
7
32
59
5
22
96
50
0
29
51
92
39
90
24
90
54
73
53
15
56
39
61
32
23
23
81
58
77
20
34
79
15
36
42
34
77
86
98
14
16
72
52
78
66
99
52
43
47
49
40
33
1
57
64
29
67
93
94
86
49
25
9
81
86
91
44
84
89
98
21
32
74
61
11
32
86
6
18
39
39
78
87
73
13
50
56
97
42
9
30
9
95
36
17
5
95
92
23
48
78
27
38
23
74
3
79
47
69
82
63
25
37
46
97
0
18
90
85
90
72
7
39
10
51
12
6
53
64
24
34
95
64
76
10
48
38
23
42
89
52
29
76
59
100
36
0
52
12
94
39
85
59
32
8
36
96
90
63
24
96
4
38
87
75
70
87
56
61
61
4
21
85
71
71
76
15
19
2
23
56
69
16
98
5
51
65
58
1
77
56
31
36
58
54
17
59
3
69
57
0
1
74
44
82
79
66
87
18
1
30
12
94
80
78
11
78
27
92
59
71
74
30
52
60
37
26
97
100
88
48
6
86
53
87
55
60
88
44
14
86
45
94
58
27
84
60
100
9
16
78
44
35
3
17
58
98
87
77
82
31
6
33
65
19
92
87
59
81
67
4
88
49
35
89
59
23
73
81
76
63
80
92
23
54
18
12
24
43
35
21
45
38
3
85
84
54
57
53
58
67
27
98
29
90
99
21
70
83
38
25
44
48
77
69
80
95
97
100
84
32
65
9
75
49
79
52
88
10
46
84
24
51
62
80
84
63
32
54
2
6
83
52
16
5
20
75
95
53
68
10
14
0
15
44
36
85
48
12
20
94
30
58
38
80
2
59
79
98
23
40
92
68
95
51
87
23
42
73
40
20
12
11
28
33
75
92
90
31
66
80
52
49
46
26
60
74
24
49
3
92
35
82
64
41
50
56
78
81
52
59
25
62
71
23
71
59
10
51
53
22
77
98
19
22
96
92
7
24
21
60
59
41
66
94
27
18
17
2
34
6
15
12
93
40
44
32
49
89
27
30
3
72
84
83
25
62
30
20
71
91
43
39
17
27
71
80
73
16
86
26
72
94
3
78
22
17
74
99
11
97
9
1
10
59
94
34
60
84
6
82
94
93
27
85
79
63
0
48
73
85
46
15
15
0
99
7
80
80
24
1
42
93
78
51
16
72
2
58
7
32
14
92
93
99
49
72
81
73
0
12
93
2
89
44
83
15
89
82
30
63
11
19
22
61
61
45
20
8
5
64
68
90
62
75
24
52
23
8
6
91
97
62
90
86
26
27
10
5
62
97
43
46
9
34
9
86
66
61
39
64
36
81
32
19
12
40
31
22
34
19
98
48
45
35
21
94
1
81
61
54
82
93
95
57
61
33
24
89
72
90
75
66
96
84
18
61
92
47
35
50
59
46
95
50
11
56
99
42
81
56
61
21
56
41
25
13
96
96
2
28
39
94
80
81
94
90
90
59
1
49
84
57
35
93
15
55
65
69
80
25
91
15
6
92
86
86
27
17
31
81
43
48
96
43
97
42
95
57
39
39
57
57
76
90
19
83
26
10
15
23
96
56
87
30
40
25
94
77
28
3
83
16
18
3
56
26
97
86
58
92
13
42
31
56
69
4
56
0
29
98
37
45
42
3
53
15
54
7
40
64
59
51
50
14
45
33
28
46
42
36
89
37
12
77
86
41
21
95
82
97
82
68
39
67
88
22
69
26
25
41
57
24
39
55
8
13
35
100
1
38
26
15
98
76
99
45
13
93
14
36
98
33
52
89
26
81
27
14
60
34
53
61
88
50
19
92
61
62
39
16
67
24
23
68
12
46
16
56
8
80
38
4
69
71
17
78
62
51
8
84
90
40
88
2
19
97
23
18
58
17
68
22
62
78
41
91
44
62
32
55
46
78
63
97
58
99
75
65
18
86
47
96
1
99
42
26
49
16
86
99
40
83
53
57
20
5
66
17
54
30
32
67
72
16
40
6
4
26
58
94
48
14
73
13
3
0
66
52
96
100
83
80
66
100
76
25
85
58
10
19
57
7
66
68
97
21
20
33
19
74
43
25
41
54
34
22
17
72
78
99
89
10
68
6
48
78
25
13
11
34
90
72
96
64
80
2
44
96
14
17
68
61
13
31
77
65
76
28
79
93
66
54
71
96
71
37
77
79
100
68
87
73
55
24
25
36
4
65
10
26
23
37
84
68
94
73
0
87
22
42
96
92
80
70
87
72
72
21
15
18
61
94
72
61
26
65
73
43
0
86
74
54
8
27
94
2
13
64
75
1
93
51
81
92
34
0
4
34
22
82
42
55
81
58
4
67
65
35
71
83
77
42
17
85
80
21
96
79
66
48
97
95
90
57
85
75
51
63
77
100
64
30
11
58
45
12
63
79
51
74
88
36
20
7
86
24
14
94
31
74
51
88
2
4
34
18
93
50
75
3
84
82
55
32
55
53
2
67
60
32
5
64
82
98
64
76
46
47
43
11
7
71
57
0
54
11
95
7
26
8
35
96
16
48
8
89
62
28
64
38
72
84
4
7
1
61
63
40
45
14
0
62
6
41
84
51
66
46
28
10
66
51
36
6
88
19
55
69
83
19
87
89
0
23
13
78
50
2
74
19
68
18
4
20
56
95
67
77
39
61
2
58
65
44
100
81
19
28
25
57
54
24
44
3
95
39
63
42
92
33
41
86
36
99
48
9
58
36
36
58
62
7
6
54
3
3
20
13
14
93
41
71
12
44
77
21
44
52
7
88
31
42
89
39
71
31
94
92
75
68
18
28
14
23
18
74
22
82
81
27
64
22
11
53
32
13
1
84
8
4
1
24
8
29
35
93
79
0
41
72
4
67
40
10
97
68
73
72
21
41
3
92
90
43
90
7
23
6
73
13
14
48
52
68
30
15
14
12
54
35
3
20
81
30
29
59
54
65
82
82
22
92
64
21
65
28
92
34
38
56
93
94
86
27
18
64
15
67
23
68
70
0
59
75
96
97
48
13
68
54
54
9
71
9
2
51
26
25
39
96
39
1
42
5
28
67
83
49
58
3
61
52
90
13
91
32
56
47
14
56
5
6
39
76
77
28
48
64
23
97
91
54
7
60
57
45
97
46
76
58
23
53
16
4
68
89
80
7
64
83
91
83
80
24
57
99
76
33
21
68
95
28
60
75
34
12
15
70
45
20
90
82
99
57
36
45
41
100
49
80
43
91
51
89
91
36
3
37
16
5
35
32
87
83
34
89
60
26
14
98
3
65
46
49
84
43
91
83
97
57
9
42
5
66
88
81
34
84
99
17
72
26
46
54
12
50
88
52
19
57
84
60
53
54
81
94
78
68
40
56
71
13
100
98
8
31
93
8
10
2
44
2
82
66
45
32
65
29
21
80
10
46
81
1
95
81
65
32
3
32
51
14
12
74
44
69
47
2
54
90
23
90
56
93
96
88
7
36
35
81
27
83
67
55
8
3
89
74
23
21
31
24
42
49
40
59
51
36
99
8
17
88
13
22
44
93
38
3
57
81
76
5
89
0
81
3
3
44
84
0
70
39
45
50
61
30
27
51
50
40
48
91
28
70
24
93
89
55
91
9
18
58
1
35
50
6
10
69
12
68
43
70
27
40
99
9
98
100
20
10
37
39
21
7
65
45
26
16
79
35
8
1
54
47
69
96
90
28
33
2
50
39
13
31
18
77
91
3
46
21
78
12
45
70
17
49
45
66
10
77
8
23
29
48
21
4
40
38
26
27
81
2
61
65
86
24
25
94
65
6
89
7
48
26
39
76
55
69
97
70
70
2
0
63
47
98
97
66
35
50
99
96
72
95
100
16
20
23
17
84
72
44
88
9
95
10
45
79
45
19
49
17
62
36
47
62
61
4
20
74
86
98
92
14
30
29
25
63
31
38
32
26
41
84
11
53
39
66
56
99
7
93
1
93
68
91
99
95
32
80
68
40
21
84
42
80
30
7
36
96
18
51
78
49
6
31
39
3
67
84
17
70
31
81
98
22
97
44
2
97
4
90
17
8
65
97
51
89
10
42
0
88
32
19
94
57
55
82
64
21
62
45
5
60
2
81
77
50
75
34
24
2
82
11
92
19
10
1
73
16
18
34
13
32
75
0
10
83
0
47
88
15
30
63
79
31
53
30
14
50
48
44
49
1
72
28
54
88
48
48
86
81
48
8
2
29
14
79
97
9
67
94
5
27
10
2
81
43
2
78
5
62
88
82
38
35
86
45
76
72
61
63
96
57
36
22
31
2
97
64
16
43
24
93
77
78
85
93
19
32
88
28
32
98
20
57
60
20
59
10
66
15
52
57
19
62
96
55
1
65
6
42
16
61
1
100
95
5
59
67
69
59
77
78
55
98
43
34
5
29
38
10
43
71
21
67
69
11
88
86
4
32
76
9
45
8
71
48
27
93
57
39
21
5
42
47
87
54
19
29
51
37
59
82
5
7
90
99
32
97
54
18
0
92
61
60
78
99
71
21
26
59
5
15
28
24
4
72
25
18
22
7
15
37
0
17
82
72
65
18
2
66
52
47
46
9
72
67
0
71
71
51
84
65
19
80
76
23
100
67
85
46
10
52
58
9
64
37
18
64
36
90
4
67
78
43
84
24
0
9
52
22
6
47
42
86
99
66
82
69
68
95
13
2
11
18
14
25
12
68
42
54
52
77
93
35
84
76
88
76
73
32
100
76
5
84
88
76
19
93
89
73
91
39
79
56
5
15
40
31
25
64
3
11
85
90
32
59
4
94
96
56
19
6
65
98
5
58
99
8
61
17
53
98
6
61
20
92
52
58
32
17
74
92
57
32
22
70
2
6
95
37
86
89
68
93
58
8
20
69
9
72
79
49
79
65
2
38
18
77
66
58
7
89
32
86
7
20
45
24
82
27
10
70
3
4
33
21
20
1
18
63
30
4
25
82
30
85
76
54
62
57
35
54
72
93
63
23
61
60
38
71
13
30
96
10
49
86
8
11
0
61
39
92
62
28
5
42
66
9
14
60
64
65
70
93
43
47
100
66
90
80
81
81
67
49
52
50
40
19
63
10
33
93
19
70
68
15
83
53
26
17
57
97
80
51
14
25
88
19
3
19
88
4
82
38
83
42
48
53
70
95
88
74
99
51
27
73
68
53
1
70
39
100
10
50
13
28
10
56
48
71
5
37
9
73
57
98
38
50
65
60
38
32
65
2
11
90
33
3
21
51
14
30
2
14
34
94
16
18
49
48
62
74
61
61
74
76
65
19
76
80
64
86
68
80
12
88
95
28
47
11
98
22
43
27
96
81
44
73
35
89
48
77
99
1
83
89
85
52
91
31
33
22
18
61
25
53
64
0
72
48
32
92
85
7
56
88
82
94
17
12
27
68
10
4
94
10
68
54
72
74
13
10
33
91
49
62
80
92
90
26
45
58
73
96
13
83
80
24
81
82
74
42
70
91
95
93
89
81
47
32
3
52
47
12
51
8
69
39
27
39
79
68
18
18
23
50
56
84
74
24
90
1
15
65
70
82
40
17
87
26
55
12
82
7
53
63
33
27
39
55
10
32
65
89
99
54
93
29
30
98
81
20
30
83
64
53
53
24
55
5
18
62
62
24
52
19
98
37
34
22
8
36
59
33
84
96
93
66
49
30
16
84
45
28
68
13
33
58
54
96
25
80
88
89
1
11
67
92
94
92
77
92
20
16
83
92
31
64
14
73
98
95
3
42
62
57
28
8
4
6
66
51
99
71
93
38
67
15
24
33
66
48
18
93
88
26
64
46
20
67
72
16
72
45
23
45
37
95
77
60
8
61
28
50
18
68
42
81
18
43
19
17
35
75
85
40
13
53
59
6
25
84
84
72
38
53
53
51
76
23
0
92
25
0
84
53
99
0
23
69
37
69
3
54
3
13
44
3
6
84
70
27
19
14
46
45
22
3
15
12
84
28
19
31
58
62
94
63
21
54
65
1
40
16
84
66
16
87
68
11
83
17
54
66
89
24
97
50
32
13
46
32
48
20
42
14
65
34
47
9
89
17
1
26
93
64
90
5
34
99
79
15
39
82
5
74
40
88
70
36
9
58
18
44
37
47
20
100
29
92
34
62
67
84
68
55
69
41
82
11
65
12
30
3
53
39
76
53
99
69
5
85
17
32
36
33
64
20
95
45
35
88
55
8
83
92
64
94
9
96
70
52
61
99
14
30
14
12
39
86
90
19
53
41
31
81
0
53
96
46
32
41
80
63
98
26
52
98
10
29
76
18
36
73
74
30
78
58
37
16
68
33
9
61
36
58
89
44
56
68
71
98
51
14
6
81
11
16
72
58
75
31
49
9
30
58
36
55
40
60
26
25
77
7
45
72
28
28
14
12
15
86
51
3
65
92
40
48
53
12
84
76
16
3
51
31
40
40
45
98
97
71
55
82
4
100
81
36
90
18
16
96
9
53
66
31
49
46
80
99
8
74
72
95
71
74
80
5
58
41
38
45
64
45
39
90
89
45
15
35
39
55
19
27
92
55
28
70
65
85
65
43
10
40
87
5
85
100
60
74
52
32
99
50
36
3
72
10
89
3
84
46
53
18
91
92
63
87
100
15
80
55
31
89
39
52
81
85
81
54
88
1
94
85
16
91
72
45
60
61
73
16
52
35
8
80
50
95
98
85
10
92
99
44
88
35
23
92
57
20
28
11
32
82
93
68
99
31
34
73
19
66
31
35
6
97
65
21
24
37
94
59
49
75
77
97
95
58
63
72
56
4
76
44
80
10
8
23
62
86
38
55
51
41
19
29
66
79
52
86
59
0
3
57
26
1
10
42
58
68
23
72
63
23
63
42
71
29
33
20
72
67
65
78
14
9
70
82
56
75
94
12
26
71
90
2
19
42
52
7
22
11
45
21
75
27
94
86
24
35
54
46
89
67
96
37
74
64
23
53
51
71
72
17
50
13
79
74
13
23
3
33
38
49
48
86
83
44
54
36
22
24
92
87
93
81
45
24
5
94
72
22
1
36
47
31
22
32
53
46
52
39
47
99
28
42
95
86
75
37
24
0
2
65
70
61
28
99
17
28
47
75
87
35
24
78
41
37
95
61
35
87
48
93
22
82
87
52
84
22
20
74
65
83
11
1
11
79
62
74
31
11
72
77
7
26
37
15
29
48
1
74
87
96
78
46
18
97
22
23
19
4
15
2
46
25
52
35
83
7
3
76
100
57
43
61
90
86
69
85
23
0
35
10
31
16
8
32
72
14
4
96
97
66
32
73
17
47
9
82
44
40
48
10
85
15
33
66
26
89
74
50
4
47
85
54
46
28
37
54
90
13
67
8
31
37
97
81
61
44
62
20
33
34
59
12
28
67
61
75
54
16
34
38
73
88
96
61
56
54
32
27
79
99
52
100
39
18
35
94
1
56
54
42
39
42
85
5
14
81
2
4
45
94
97
78
2
20
24
47
21
45
6
59
21
36
59
99
86
7
15
73
21
62
94
4
47
19
44
94
93
85
64
17
39
43
53
91
88
34
99
36
11
99
83
66
98
92
18
95
4
95
60
79
24
100
86
9
55
97
9
21
76
28
29
68
70
12
8
60
66
47
15
43
54
47
4
2
47
20
18
89
86
48
100
12
81
52
12
16
84
56
55
17
17
35
45
10
39
11
24
67
89
47
38
32
51
21
69
68
17
32
48
68
28
70
25
66
45
72
62
66
34
29
93
19
97
51
91
32
17
35
64
3
27
18
0
32
39
49
29
33
1
70
6
28
56
41
30
65
89
100
45
23
8
79
70
37
69
57
19
56
28
65
86
16
57
21
84
34
37
99
13
32
89
46
14
80
81
91
96
40
53
34
72
21
32
13
43
11
85
61
57
15
50
69
93
84
66
30
16
54
1
82
5
94
33
40
34
38
78
52
11
97
87
93
29
33
41
29
67
21
38
81
1
59
79
90
97
57
71
13
32
48
62
42
46
11
5
22
52
92
76
40
62
96
27
75
62
8
66
7
96
29
35
85
6
95
89
34
21
80
64
97
28
17
79
88
52
52
80
84
81
0
83
1
48
37
85
42
57
53
85
29
82
37
80
70
99
61
54
98
80
61
5
71
5
85
4
57
61
40
87
17
6
41
59
75
66
84
66
39
70
15
3
96
8
81
71
100
98
65
71
61
30
39
17
43
99
37
68
25
29
93
64
71
59
41
65
95
15
18
13
30
27
12
90
38
7
64
78
90
15
1
73
11
6
55
34
12
35
90
79
94
3
62
33
73
18
54
94
14
11
83
88
42
54
7
65
54
63
18
65
66
42
73
14
5
47
64
65
62
10
8
79
97
3
54
89
19
65
42
32
85
12
15
85
23
23
36
53
41
27
77
12
59
13
26
74
95
91
47
34
78
53
7
59
93
53
67
31
40
32
4
3
42
89
39
29
85
27
49
2
86
50
43
53
57
85
52
67
22
61
44
15
14
16
65
66
53
61
85
70
26
19
44
41
56
58
63
22
18
7
0
65
73
18
25
63
74
16
82
85
48
76
60
79
97
49
74
4
68
12
61
2
2
59
95
17
13
11
63
61
97
51
95
91
36
8
79
24
77
86
65
17
47
59
49
69
97
49
59
71
36
3
15
78
20
33
71
15
53
90
8
73
97
62
74
69
97
19
1
52
45
44
35
7
12
94
52
58
57
62
79
30
53
45
78
96
85
11
18
81
32
33
14
97
97
34
20
95
12
72
61
19
